0.000105
0.000129
0.000340
0.000244
0.000154
0.008726
0.005009
0.000002
0.000013
0.000001
0.000002
0.000003
0.000002
0.000006
0.000033
0.000001
0.000002
0.000014
0.000025
0.000006
0.000001
0.000003
0.000001
0.000014
0.000012
0.000082
0.000130
0.000063
0.001797
0.001087
0.000429
0.000017
0.000347
0.000019
0.000025
0.000005
0.000036
0.000011
0.000423
0.000003
0.000021
0.000024
0.000004
0.000006
0.000011
0.000055
0.000023
0.000018
0.000005
0.000003
0.000004
0.000160
0.000127
0.000468
0.000005
0.000104
0.000024
0.000024
0.000049
0.000028
0.000030
0.000015
0.000009
0.000031
0.000032
0.000253
0.000016
0.000008
0.000037
0.000175
0.000001
0.000205
0.000003
0.000003
0.000001
0.000138
0.000024
0.000006
0.000019
0.000047
0.000014
0.000004
0.000008
0.000014
0.000051
0.000034
0.000019
0.000015
0.000147
0.000027
0.000003
0.000001
0.000002
0.000003
0.000002
0.000000
0.000046
0.000132
0.000001
0.000027
0.000021
0.000019
0.000004
0.000040
0.000001
0.000002
0.000005
0.000850
0.000883
0.000159
0.012764
0.013653
0.000110
0.000038
0.000079
0.015191
0.000041
0.000986
0.000057
0.000024
0.000055
0.000020
0.000124
0.000020
0.000050
0.000066
0.000076
0.000001
0.000001
0.000003
0.000006
0.000004
0.000017
0.000002
0.000031
0.000008
0.000005
0.000009
0.000001
0.000007
0.000006
0.000001
0.000003
0.000008
0.000015
0.000165
0.000083
0.000041
0.000273
0.000175
0.000098
0.000032
0.000008
0.000028
0.000008
0.000006
0.000002
0.000004
0.000033
0.000003
0.000002
0.000015
0.000026
0.000010
0.000003
0.000006
0.000008
0.000003
0.000012
0.000007
0.000000
0.000009
0.000010
0.000005
0.000009
0.000000
0.000002
0.000001
0.000035
0.000023
0.000106
0.000002
0.000001
0.000004
0.000001
0.000003
0.000003
0.000005
0.000010
0.000005
0.000004
0.000009
0.000025
0.000010
0.000003
0.000035
0.000006
0.000002
0.000001
0.000011
0.000001
0.000003
0.000005
0.000032
0.000004
0.000007
0.000013
0.000004
0.000056
0.000033
0.000004
0.000004
0.000006
0.000001
0.000001
0.000002
0.000001
0.000016
0.000001
0.000002
0.000001
0.000008
0.000014
0.000161
0.000016
0.000010
0.000003
0.000005
0.000003
0.000001
0.000001
0.000040
0.000065
0.000004
0.000011
0.000013
0.000003
0.000023
0.000003
0.000002
0.000008
0.000005
0.000027
0.000022
0.000001
0.000050
0.000005
0.000002
0.000017
0.000006
0.000053
0.000195
0.000008
0.000014
0.000252
0.000001
0.000003
0.000007
0.000047
0.000042
0.000006
0.000005
0.000002
0.000009
0.000008
0.000028
0.000005
0.000004
0.000002
0.000005
0.000020
0.000002
0.000004
0.000011
0.000006
0.000002
0.000010
0.000003
0.000004
0.000009
0.000003
0.000031
0.000020
0.000027
0.000220
0.000014
0.000012
0.000002
0.000071
0.000065
0.000243
0.000006
0.000045
0.000060
0.000003
0.000004
0.000020
0.000000
0.000006
0.000003
0.000007
0.000024
0.000043
0.000019
0.000045
0.000014
0.000167
0.000008
0.000006
0.000015
0.000020
0.000002
0.000002
0.000001
0.000011
0.000005
0.000005
0.000002
0.000001
0.000010
0.000010
0.000002
0.000004
0.000001
0.000003
0.000002
0.000010
0.000309
0.000192
0.001183
0.000020
0.000016
0.000012
0.000295
0.000026
0.000003
0.000000
0.000006
0.000064
0.000006
0.000028
0.000013
0.000003
0.000004
0.000024
0.000081
0.000029
0.000015
0.000035
0.000037
0.000006
0.000000
0.000005
0.000001
0.000002
0.000016
0.000011
0.000010
0.000010
0.000012
0.000019
0.000108
0.000031
0.000004
0.000002
0.000021
0.000042
0.000050
0.000020
0.000012
0.000039
0.000019
0.000014
0.000007
0.000015
0.000030
0.000006
0.000011
0.000009
0.000070
0.000008
0.000008
0.000003
0.000009
0.000043
0.000005
0.000003
0.000004
0.000025
0.000035
0.000615
0.000072
0.021376
0.008066
0.000191
0.000014
0.000097
0.015031
0.000086
0.000015
0.000015
0.000074
0.000087
0.000014
0.000116
0.000024
0.000002
0.000050
0.000448
0.000535
0.000007
0.000153
0.000368
0.000037
0.000534
0.001224
0.000013
0.000020
0.000104
0.001150
0.000002
0.000115
0.000036
0.000026
0.000069
0.000001
0.000102
0.000286
0.000155
0.000007
0.000037
0.000063
0.000009
0.000332
0.000021
0.000249
0.000092
0.000002
0.000417
0.000006
0.000662
0.000139
0.000007
0.012242
0.000006
0.000098
0.000227
0.034188
0.000116
0.000004
0.000127
0.000097
0.000219
0.000005
0.000006
0.000847
0.000022
0.000179
0.000064
0.000205
0.000003
0.001246
0.000003
0.000345
0.007615
0.000024
0.000132
0.000007
0.000221
0.006471
0.000148
0.000081
0.000063
0.001392
0.000030
0.000934
0.000203
0.003073
0.000048
0.001671
0.000031
0.001670
0.038377
0.000007
0.000003
0.048594
0.000031
0.006697
0.000419
0.000218
0.000242
0.000004
0.000109
0.000005
0.000007
0.000027
0.000054
0.000008
0.000166
0.000009
0.000003
0.000011
0.001943
0.000021
0.005271
0.000760
0.000767
0.009795
0.000938
0.000129
0.000030
0.000406
0.000164
0.000089
0.000010
0.000143
0.000142
0.000001
0.007451
0.000002
0.000017
0.000107
0.000018
0.000008
0.003974
0.000002
0.000014
0.000109
0.012789
0.002374
0.003006
0.002772
0.000006
0.000012
0.000067
0.001538
0.000029
0.000006
0.000162
0.000130
0.000002
0.000032
0.000011
0.000248
0.000222
0.004587
0.012559
0.000028
0.000002
0.000044
0.000154
0.000141
0.000060
0.000007
0.000007
0.000026
0.000096
0.000019
0.000073
0.000036
0.003510
0.000007
0.000094
0.000021
0.000001
0.000614
0.000226
0.000456
0.000002
0.000009
0.002617
0.000024
0.000273
0.000178
0.000672
0.000021
0.000023
0.000093
0.000002
0.000004
0.000001
0.004006
0.000009
0.000004
0.000748
0.000114
0.000055
0.000040
0.000285
0.000944
0.000784
0.000134
0.001037
0.000025
0.000004
0.000006
0.000085
0.000073
0.000044
0.000512
0.003313
0.000002
0.000001
0.000001
0.000063
0.002118
0.007930
0.000434
0.000016
0.000226
0.000172
0.000759
0.000000
0.050905
0.000002
0.001636
0.000024
0.000009
0.000140
0.000029
0.000616
0.000093
0.002263
0.000044
0.000001
0.000019
0.001404
0.000024
0.000149
0.000014
0.000063
0.000383
0.034087
0.004258
0.000003
0.000427
0.005069
0.000121
0.000127
0.000411
0.000349
0.000087
0.000011
0.005161
0.000593
0.000001
0.000043
0.000425
0.000002
0.000001
0.000420
0.000041
0.000002
0.000071
0.000187
0.000011
0.000086
0.000038
0.000052
0.000355
0.000008
0.000012
0.001063
0.000001
0.000083
0.000156
0.000210
0.000038
0.000007
0.000006
0.000950
0.000012
0.000004
0.007356
0.000069
0.000008
0.001661
0.000054
0.001018
0.000079
0.001978
0.000067
0.000002
0.000022
0.037483
0.028680
0.002183
0.000009
0.011097
0.000001
0.000003
0.000956
0.000278
0.000024
0.000016
0.010973
0.000710
0.000063
0.000010
0.000066
0.000229
0.000005
0.000002
0.000159
0.000639
0.000016
0.000012
0.001136
0.000010
0.002470
0.001057
0.000114
0.002379
0.000104
0.005321
0.000047
0.000007
0.000115
0.000001
0.039748
0.000236
0.000823
0.000319
0.000036
0.000001
0.003139
0.000052
0.000189
0.000165
0.000203
0.000004
0.000079
0.001721
0.000001
0.000142
0.000054
0.000004
0.000461
0.000241
0.000830
0.000352
0.000043
0.000457
0.000003
0.000094
0.009278
0.003231
0.000008
0.007133
0.000030
0.000025
0.000514
0.000278
0.000336
0.031401
0.000002
0.000738
0.000021
0.010475
0.000989
0.000025
0.010484
0.000016
0.004083
0.000054
0.000116
0.000009
0.000215
0.000097
0.000385
0.014960
0.000083
0.001507
0.004879
0.003731
0.000013
0.000024
0.000036
0.000522
0.000045
0.000000
0.000044
0.000160
0.001519
0.003119
0.000327
0.000161
0.003379
0.000118
0.000001
0.001067
0.000276
0.000052
0.000198
0.000467
0.000038
0.006054
0.000185
0.000005
0.000004
0.000042
0.015566
0.000186
0.000012
0.000300
0.002856
0.000050
0.000037
0.000034
0.000223
0.000691
0.001492
0.000074
0.000436
0.000351
0.000027
0.000026
0.000689
0.001730
0.000028
0.000016
0.000003
0.000569
0.004309
0.000064
0.000000
0.004395
0.001971
0.012420
0.000009
0.000012
0.000015
0.000006
0.000020
0.000001
0.000133
0.006737
0.009415
0.000551
0.000001
0.000012
0.000116
0.000311
0.000023
0.005324
0.000056
0.000068
0.000055
0.030732
0.008020
0.000160
0.000063
0.000051
0.000000
0.000045
0.004186
0.000037
0.000003
0.000022
0.001010
0.000007
0.001094
0.000169
0.000043
0.000047
0.000107
0.000052
0.000007
0.001110
0.000018
0.000054
0.000010
0.000082
0.000005
0.000004
0.000008
0.000285
0.000005
0.001790
0.000009
0.000016
0.000001
0.005918
0.001554
0.000021
0.000120
0.000020
0.000002
0.000002
0.000197
0.000124
0.004160
0.000063
0.000941
0.000004
0.000140
0.000369
0.000667
0.003451
0.001785
0.000003
0.000245
0.000679
0.000010
0.000119
0.000003
0.000022
0.000143
0.000115
0.000259
0.000077
0.000032
0.000017
0.000017
0.000002
0.000001
0.000048
0.000136
0.000058
0.000104
0.000045
0.000194
0.000046
0.000027
0.000006
0.000105
0.000011
0.000039
0.000032
0.000049
0.000001
0.000032
0.003770
0.000004
0.000007
0.000008
0.000024
0.000059
0.000017
0.000002
0.000003
0.000026
0.000004
0.000012
0.000022
0.000046
0.000003
0.000018
0.000068
0.000027
0.000007
0.000012
0.000015
0.000009
0.000106
0.000016
0.000006
0.000019
0.000001
0.000012
0.000609
0.000006
0.000007
0.000004
0.000003
0.000018
0.000162
0.002275
0.017993
0.000030
0.000003
0.005897
0.000001
0.005829
0.000005
0.000029
0.000001
0.000068
0.000024
0.000002
0.000006
0.000002
0.000003
0.011739
0.000004
0.000006
0.000004
0.000011
0.000018
0.000001
0.000009
0.000065
0.000010
0.000003
0.000011
0.000013
0.000023
0.000003
0.000002
0.000396
