0.000104
0.000126
0.000337
0.000243
0.000151
0.008495
0.004846
0.000002
0.000012
0.000001
0.000002
0.000003
0.000002
0.000006
0.000033
0.000001
0.000002
0.000014
0.000024
0.000006
0.000001
0.000003
0.000001
0.000014
0.000012
0.000081
0.000127
0.000062
0.001791
0.001071
0.000424
0.000017
0.000346
0.000019
0.000025
0.000005
0.000035
0.000010
0.000419
0.000003
0.000021
0.000024
0.000004
0.000006
0.000011
0.000054
0.000023
0.000018
0.000005
0.000003
0.000004
0.000157
0.000125
0.000461
0.000005
0.000101
0.000024
0.000024
0.000048
0.000027
0.000029
0.000015
0.000009
0.000031
0.000032
0.000245
0.000016
0.000008
0.000036
0.000174
0.000001
0.000202
0.000003
0.000003
0.000001
0.000137
0.000024
0.000006
0.000019
0.000047
0.000014
0.000004
0.000008
0.000014
0.000049
0.000034
0.000019
0.000015
0.000145
0.000027
0.000003
0.000001
0.000002
0.000003
0.000002
0.000000
0.000045
0.000132
0.000001
0.000027
0.000021
0.000019
0.000004
0.000040
0.000001
0.000002
0.000005
0.000837
0.000852
0.000156
0.012387
0.013407
0.000109
0.000038
0.000077
0.014900
0.000041
0.001002
0.000056
0.000024
0.000055
0.000020
0.000123
0.000020
0.000050
0.000065
0.000076
0.000001
0.000001
0.000003
0.000006
0.000004
0.000016
0.000002
0.000030
0.000008
0.000006
0.000009
0.000001
0.000007
0.000006
0.000001
0.000003
0.000008
0.000014
0.000162
0.000082
0.000040
0.000271
0.000173
0.000097
0.000032
0.000008
0.000028
0.000008
0.000006
0.000002
0.000004
0.000033
0.000003
0.000002
0.000015
0.000026
0.000010
0.000003
0.000006
0.000008
0.000003
0.000012
0.000007
0.000000
0.000009
0.000010
0.000005
0.000009
0.000000
0.000002
0.000001
0.000035
0.000023
0.000106
0.000002
0.000001
0.000004
0.000001
0.000003
0.000003
0.000005
0.000010
0.000005
0.000004
0.000009
0.000025
0.000010
0.000003
0.000034
0.000006
0.000002
0.000001
0.000011
0.000001
0.000003
0.000005
0.000031
0.000004
0.000007
0.000012
0.000004
0.000056
0.000033
0.000004
0.000004
0.000006
0.000001
0.000001
0.000002
0.000001
0.000015
0.000001
0.000002
0.000001
0.000008
0.000014
0.000160
0.000016
0.000010
0.000003
0.000005
0.000003
0.000001
0.000001
0.000039
0.000063
0.000004
0.000011
0.000013
0.000003
0.000022
0.000003
0.000002
0.000008
0.000005
0.000027
0.000022
0.000001
0.000050
0.000005
0.000002
0.000017
0.000006
0.000053
0.000193
0.000008
0.000014
0.000252
0.000001
0.000003
0.000007
0.000047
0.000042
0.000006
0.000005
0.000002
0.000009
0.000008
0.000028
0.000005
0.000004
0.000002
0.000005
0.000020
0.000002
0.000004
0.000011
0.000006
0.000002
0.000010
0.000003
0.000004
0.000009
0.000003
0.000031
0.000021
0.000028
0.000221
0.000014
0.000012
0.000002
0.000071
0.000065
0.000242
0.000006
0.000045
0.000059
0.000003
0.000004
0.000020
0.000000
0.000006
0.000003
0.000007
0.000024
0.000043
0.000019
0.000045
0.000014
0.000165
0.000008
0.000005
0.000015
0.000019
0.000002
0.000002
0.000001
0.000011
0.000004
0.000005
0.000002
0.000001
0.000010
0.000010
0.000002
0.000004
0.000001
0.000003
0.000002
0.000010
0.000301
0.000189
0.001166
0.000020
0.000017
0.000012
0.000297
0.000026
0.000002
0.000000
0.000006
0.000064
0.000006
0.000028
0.000013
0.000003
0.000004
0.000024
0.000079
0.000028
0.000015
0.000034
0.000037
0.000006
0.000000
0.000005
0.000001
0.000002
0.000016
0.000011
0.000010
0.000010
0.000012
0.000020
0.000107
0.000030
0.000004
0.000002
0.000021
0.000042
0.000050
0.000019
0.000012
0.000039
0.000019
0.000014
0.000007
0.000015
0.000030
0.000006
0.000011
0.000009
0.000069
0.000008
0.000008
0.000003
0.000009
0.000043
0.000005
0.000003
0.000004
0.000025
0.000034
0.000609
0.000071
0.021104
0.007789
0.000187
0.000014
0.000095
0.014762
0.000086
0.000015
0.000015
0.000074
0.000087
0.000013
0.000114
0.000024
0.000002
0.000049
0.000441
0.000533
0.000007
0.000153
0.000366
0.000037
0.000545
0.001228
0.000013
0.000020
0.000104
0.001144
0.000002
0.000113
0.000036
0.000026
0.000069
0.000001
0.000102
0.000283
0.000152
0.000007
0.000037
0.000063
0.000009
0.000335
0.000022
0.000249
0.000091
0.000002
0.000411
0.000006
0.000655
0.000137
0.000008
0.012408
0.000006
0.000097
0.000224
0.033936
0.000115
0.000004
0.000126
0.000099
0.000221
0.000005
0.000006
0.000841
0.000021
0.000180
0.000063
0.000202
0.000003
0.001248
0.000003
0.000344
0.007696
0.000024
0.000130
0.000007
0.000216
0.006504
0.000149
0.000080
0.000062
0.001389
0.000030
0.000913
0.000200
0.003142
0.000048
0.001667
0.000031
0.001676
0.038570
0.000007
0.000003
0.049238
0.000031
0.006763
0.000413
0.000211
0.000240
0.000004
0.000110
0.000005
0.000007
0.000027
0.000054
0.000008
0.000162
0.000009
0.000003
0.000011
0.001951
0.000021
0.005253
0.000752
0.000766
0.009978
0.000931
0.000126
0.000029
0.000400
0.000162
0.000089
0.000010
0.000144
0.000142
0.000001
0.007477
0.000002
0.000017
0.000107
0.000018
0.000008
0.004030
0.000002
0.000014
0.000109
0.012683
0.002390
0.003028
0.002777
0.000007
0.000012
0.000067
0.001543
0.000029
0.000006
0.000160
0.000128
0.000002
0.000032
0.000011
0.000252
0.000226
0.004595
0.012593
0.000028
0.000002
0.000044
0.000155
0.000143
0.000060
0.000007
0.000007
0.000026
0.000095
0.000019
0.000073
0.000035
0.003616
0.000007
0.000091
0.000021
0.000001
0.000602
0.000228
0.000462
0.000002
0.000009
0.002648
0.000023
0.000270
0.000176
0.000679
0.000020
0.000022
0.000092
0.000002
0.000004
0.000001
0.003899
0.000008
0.000004
0.000763
0.000113
0.000054
0.000040
0.000289
0.000955
0.000785
0.000133
0.001035
0.000026
0.000004
0.000006
0.000084
0.000072
0.000044
0.000501
0.003269
0.000002
0.000001
0.000001
0.000062
0.002109
0.008045
0.000430
0.000016
0.000220
0.000171
0.000746
0.000000
0.051259
0.000002
0.001652
0.000024
0.000009
0.000139
0.000030
0.000618
0.000092
0.002286
0.000045
0.000001
0.000019
0.001403
0.000023
0.000151
0.000014
0.000063
0.000385
0.034335
0.004306
0.000003
0.000432
0.005073
0.000121
0.000126
0.000406
0.000348
0.000088
0.000011
0.005264
0.000585
0.000001
0.000042
0.000418
0.000002
0.000001
0.000420
0.000041
0.000002
0.000071
0.000184
0.000011
0.000084
0.000037
0.000052
0.000354
0.000008
0.000012
0.001067
0.000001
0.000082
0.000153
0.000209
0.000037
0.000007
0.000006
0.000932
0.000011
0.000004
0.007537
0.000069
0.000008
0.001672
0.000054
0.001030
0.000079
0.001992
0.000067
0.000002
0.000022
0.038425
0.028109
0.002210
0.000009
0.010970
0.000001
0.000003
0.000954
0.000277
0.000024
0.000015
0.010902
0.000700
0.000063
0.000010
0.000066
0.000228
0.000005
0.000002
0.000156
0.000626
0.000016
0.000012
0.001132
0.000010
0.002468
0.001074
0.000114
0.002380
0.000105
0.005349
0.000048
0.000007
0.000114
0.000001
0.039960
0.000235
0.000817
0.000320
0.000035
0.000001
0.003084
0.000052
0.000186
0.000165
0.000204
0.000004
0.000079
0.001739
0.000001
0.000141
0.000054
0.000004
0.000457
0.000234
0.000832
0.000351
0.000042
0.000464
0.000003
0.000092
0.009326
0.003314
0.000008
0.007229
0.000030
0.000025
0.000510
0.000281
0.000336
0.031630
0.000002
0.000733
0.000020
0.010570
0.001003
0.000025
0.010579
0.000016
0.004061
0.000053
0.000116
0.000009
0.000218
0.000098
0.000388
0.015025
0.000082
0.001486
0.004958
0.003755
0.000013
0.000024
0.000036
0.000524
0.000044
0.000000
0.000043
0.000159
0.001514
0.003134
0.000324
0.000161
0.003397
0.000117
0.000001
0.001065
0.000272
0.000051
0.000201
0.000457
0.000038
0.006146
0.000186
0.000005
0.000004
0.000042
0.015200
0.000185
0.000012
0.000303
0.002844
0.000050
0.000037
0.000034
0.000224
0.000682
0.001519
0.000074
0.000433
0.000350
0.000027
0.000026
0.000687
0.001742
0.000028
0.000015
0.000002
0.000572
0.004323
0.000065
0.000000
0.004414
0.002007
0.012317
0.000009
0.000012
0.000015
0.000006
0.000020
0.000001
0.000130
0.006626
0.009235
0.000547
0.000001
0.000012
0.000117
0.000310
0.000022
0.005357
0.000056
0.000068
0.000053
0.030725
0.007979
0.000160
0.000062
0.000051
0.000000
0.000045
0.004244
0.000037
0.000003
0.000021
0.001031
0.000007
0.001119
0.000168
0.000042
0.000046
0.000106
0.000051
0.000007
0.001109
0.000018
0.000053
0.000010
0.000082
0.000005
0.000004
0.000008
0.000284
0.000004
0.001774
0.000009
0.000016
0.000001
0.005951
0.001544
0.000021
0.000120
0.000019
0.000002
0.000002
0.000196
0.000125
0.004219
0.000063
0.000955
0.000004
0.000137
0.000371
0.000662
0.003428
0.001776
0.000003
0.000247
0.000672
0.000010
0.000117
0.000003
0.000022
0.000141
0.000113
0.000256
0.000076
0.000032
0.000016
0.000017
0.000002
0.000001
0.000047
0.000134
0.000057
0.000103
0.000044
0.000193
0.000045
0.000027
0.000005
0.000104
0.000011
0.000039
0.000032
0.000049
0.000001
0.000032
0.003785
0.000005
0.000007
0.000008
0.000024
0.000058
0.000017
0.000002
0.000003
0.000026
0.000004
0.000012
0.000022
0.000046
0.000003
0.000017
0.000069
0.000027
0.000007
0.000012
0.000015
0.000009
0.000106
0.000016
0.000007
0.000019
0.000001
0.000012
0.000612
0.000006
0.000007
0.000004
0.000003
0.000018
0.000159
0.002260
0.018105
0.000030
0.000003
0.005753
0.000001
0.005567
0.000005
0.000028
0.000001
0.000066
0.000023
0.000002
0.000006
0.000002
0.000003
0.011516
0.000004
0.000006
0.000004
0.000011
0.000018
0.000001
0.000009
0.000063
0.000010
0.000003
0.000011
0.000013
0.000022
0.000003
0.000002
0.000398
