0.000104
0.000125
0.000336
0.000242
0.000149
0.008475
0.004805
0.000002
0.000012
0.000001
0.000002
0.000003
0.000002
0.000006
0.000033
0.000001
0.000002
0.000014
0.000024
0.000006
0.000001
0.000003
0.000001
0.000014
0.000012
0.000081
0.000127
0.000062
0.001788
0.001064
0.000424
0.000017
0.000347
0.000019
0.000024
0.000005
0.000035
0.000010
0.000417
0.000003
0.000021
0.000024
0.000004
0.000006
0.000011
0.000054
0.000022
0.000018
0.000005
0.000003
0.000004
0.000155
0.000125
0.000461
0.000005
0.000101
0.000024
0.000024
0.000048
0.000027
0.000029
0.000015
0.000009
0.000031
0.000032
0.000244
0.000016
0.000008
0.000036
0.000174
0.000001
0.000203
0.000003
0.000003
0.000001
0.000137
0.000024
0.000006
0.000019
0.000047
0.000014
0.000004
0.000008
0.000014
0.000049
0.000034
0.000019
0.000015
0.000145
0.000027
0.000003
0.000001
0.000002
0.000003
0.000002
0.000000
0.000045
0.000133
0.000001
0.000027
0.000021
0.000018
0.000004
0.000040
0.000001
0.000002
0.000005
0.000833
0.000840
0.000155
0.012344
0.013423
0.000109
0.000038
0.000077
0.014824
0.000040
0.001006
0.000056
0.000024
0.000055
0.000020
0.000123
0.000020
0.000050
0.000065
0.000076
0.000001
0.000001
0.000003
0.000006
0.000004
0.000016
0.000002
0.000030
0.000008
0.000006
0.000009
0.000001
0.000007
0.000006
0.000001
0.000003
0.000008
0.000014
0.000161
0.000082
0.000040
0.000272
0.000173
0.000097
0.000031
0.000008
0.000028
0.000008
0.000006
0.000002
0.000004
0.000033
0.000003
0.000002
0.000015
0.000026
0.000010
0.000003
0.000006
0.000008
0.000003
0.000012
0.000007
0.000000
0.000009
0.000010
0.000005
0.000009
0.000000
0.000002
0.000001
0.000035
0.000023
0.000105
0.000002
0.000001
0.000004
0.000001
0.000003
0.000003
0.000005
0.000010
0.000005
0.000004
0.000009
0.000025
0.000010
0.000003
0.000034
0.000006
0.000002
0.000001
0.000011
0.000001
0.000003
0.000005
0.000031
0.000004
0.000007
0.000012
0.000004
0.000057
0.000032
0.000004
0.000004
0.000006
0.000001
0.000001
0.000002
0.000001
0.000015
0.000001
0.000002
0.000001
0.000008
0.000014
0.000160
0.000015
0.000010
0.000003
0.000005
0.000003
0.000001
0.000001
0.000039
0.000063
0.000004
0.000011
0.000013
0.000003
0.000022
0.000003
0.000002
0.000008
0.000005
0.000027
0.000022
0.000001
0.000050
0.000005
0.000002
0.000017
0.000006
0.000052
0.000192
0.000008
0.000013
0.000252
0.000001
0.000003
0.000007
0.000046
0.000042
0.000006
0.000005
0.000002
0.000009
0.000008
0.000028
0.000005
0.000004
0.000002
0.000005
0.000020
0.000002
0.000004
0.000011
0.000006
0.000002
0.000010
0.000003
0.000004
0.000008
0.000003
0.000031
0.000021
0.000027
0.000220
0.000014
0.000012
0.000002
0.000070
0.000064
0.000241
0.000006
0.000045
0.000059
0.000003
0.000004
0.000020
0.000000
0.000006
0.000003
0.000007
0.000024
0.000043
0.000019
0.000045
0.000014
0.000165
0.000008
0.000006
0.000015
0.000019
0.000002
0.000002
0.000001
0.000011
0.000004
0.000005
0.000002
0.000001
0.000010
0.000010
0.000002
0.000004
0.000001
0.000003
0.000002
0.000010
0.000298
0.000189
0.001162
0.000020
0.000017
0.000012
0.000296
0.000026
0.000002
0.000000
0.000006
0.000064
0.000006
0.000028
0.000013
0.000003
0.000004
0.000023
0.000078
0.000028
0.000015
0.000034
0.000037
0.000006
0.000000
0.000005
0.000001
0.000002
0.000016
0.000011
0.000010
0.000010
0.000012
0.000020
0.000106
0.000030
0.000004
0.000002
0.000021
0.000042
0.000050
0.000019
0.000012
0.000039
0.000019
0.000014
0.000007
0.000015
0.000030
0.000006
0.000011
0.000009
0.000069
0.000008
0.000008
0.000003
0.000009
0.000043
0.000005
0.000003
0.000004
0.000025
0.000034
0.000610
0.000071
0.021050
0.007667
0.000186
0.000014
0.000094
0.014698
0.000085
0.000015
0.000015
0.000074
0.000086
0.000013
0.000114
0.000024
0.000002
0.000049
0.000442
0.000535
0.000007
0.000151
0.000364
0.000037
0.000545
0.001225
0.000013
0.000020
0.000104
0.001139
0.000002
0.000113
0.000037
0.000026
0.000068
0.000001
0.000103
0.000282
0.000152
0.000007
0.000038
0.000063
0.000009
0.000338
0.000022
0.000247
0.000091
0.000002
0.000409
0.000006
0.000652
0.000136
0.000008
0.012351
0.000006
0.000097
0.000222
0.034086
0.000115
0.000004
0.000125
0.000099
0.000221
0.000005
0.000006
0.000841
0.000021
0.000179
0.000063
0.000201
0.000003
0.001245
0.000003
0.000342
0.007712
0.000024
0.000129
0.000007
0.000215
0.006522
0.000148
0.000080
0.000062
0.001390
0.000030
0.000908
0.000198
0.003157
0.000048
0.001657
0.000031
0.001685
0.038754
0.000007
0.000003
0.049472
0.000031
0.006760
0.000413
0.000209
0.000240
0.000004
0.000110
0.000005
0.000007
0.000026
0.000054
0.000008
0.000160
0.000009
0.000003
0.000011
0.001941
0.000021
0.005203
0.000745
0.000770
0.010056
0.000928
0.000125
0.000029
0.000400
0.000163
0.000089
0.000010
0.000143
0.000141
0.000001
0.007496
0.000002
0.000017
0.000106
0.000019
0.000008
0.004036
0.000002
0.000013
0.000109
0.012589
0.002384
0.003030
0.002795
0.000006
0.000012
0.000067
0.001536
0.000029
0.000006
0.000160
0.000127
0.000002
0.000032
0.000011
0.000253
0.000226
0.004609
0.012554
0.000028
0.000002
0.000044
0.000155
0.000144
0.000059
0.000007
0.000007
0.000026
0.000094
0.000019
0.000073
0.000035
0.003638
0.000007
0.000090
0.000021
0.000001
0.000596
0.000229
0.000462
0.000002
0.000009
0.002651
0.000023
0.000269
0.000175
0.000683
0.000020
0.000022
0.000092
0.000002
0.000004
0.000001
0.003882
0.000008
0.000004
0.000769
0.000113
0.000054
0.000040
0.000288
0.000957
0.000787
0.000133
0.001033
0.000026
0.000004
0.000006
0.000083
0.000071
0.000044
0.000498
0.003276
0.000002
0.000001
0.000001
0.000062
0.002095
0.008025
0.000425
0.000016
0.000220
0.000170
0.000740
0.000000
0.051301
0.000002
0.001653
0.000024
0.000009
0.000138
0.000029
0.000613
0.000092
0.002291
0.000045
0.000001
0.000019
0.001407
0.000023
0.000152
0.000014
0.000063
0.000385
0.034418
0.004336
0.000003
0.000436
0.005052
0.000120
0.000126
0.000405
0.000349
0.000087
0.000011
0.005264
0.000582
0.000001
0.000042
0.000415
0.000002
0.000001
0.000422
0.000041
0.000002
0.000070
0.000183
0.000011
0.000083
0.000037
0.000052
0.000351
0.000008
0.000012
0.001064
0.000001
0.000082
0.000152
0.000209
0.000037
0.000007
0.000006
0.000929
0.000011
0.000004
0.007576
0.000070
0.000008
0.001675
0.000054
0.001030
0.000079
0.001991
0.000067
0.000002
0.000022
0.038656
0.028098
0.002227
0.000009
0.010906
0.000001
0.000003
0.000956
0.000277
0.000024
0.000015
0.010912
0.000694
0.000063
0.000010
0.000066
0.000227
0.000005
0.000002
0.000156
0.000625
0.000016
0.000012
0.001130
0.000010
0.002455
0.001078
0.000115
0.002381
0.000104
0.005365
0.000049
0.000007
0.000113
0.000001
0.039690
0.000234
0.000812
0.000319
0.000035
0.000001
0.003052
0.000052
0.000186
0.000164
0.000204
0.000004
0.000078
0.001740
0.000001
0.000141
0.000054
0.000004
0.000456
0.000231
0.000832
0.000350
0.000042
0.000464
0.000003
0.000092
0.009322
0.003337
0.000008
0.007232
0.000030
0.000025
0.000508
0.000282
0.000335
0.031683
0.000002
0.000731
0.000020
0.010646
0.001012
0.000025
0.010602
0.000016
0.004071
0.000052
0.000115
0.000009
0.000217
0.000099
0.000389
0.015028
0.000082
0.001491
0.004954
0.003760
0.000013
0.000024
0.000036
0.000524
0.000044
0.000000
0.000043
0.000158
0.001518
0.003138
0.000322
0.000161
0.003396
0.000116
0.000001
0.001061
0.000272
0.000051
0.000201
0.000452
0.000038
0.006174
0.000185
0.000005
0.000004
0.000041
0.015210
0.000185
0.000012
0.000303
0.002834
0.000050
0.000036
0.000034
0.000223
0.000679
0.001522
0.000074
0.000431
0.000351
0.000026
0.000026
0.000685
0.001749
0.000028
0.000015
0.000002
0.000571
0.004339
0.000065
0.000000
0.004456
0.002017
0.012287
0.000009
0.000012
0.000015
0.000006
0.000020
0.000001
0.000130
0.006612
0.009201
0.000548
0.000001
0.000012
0.000117
0.000309
0.000022
0.005371
0.000056
0.000068
0.000053
0.030737
0.007938
0.000159
0.000062
0.000051
0.000000
0.000045
0.004266
0.000037
0.000003
0.000021
0.001028
0.000007
0.001116
0.000168
0.000042
0.000046
0.000106
0.000051
0.000007
0.001103
0.000018
0.000053
0.000010
0.000083
0.000005
0.000004
0.000008
0.000283
0.000004
0.001771
0.000009
0.000016
0.000001
0.005951
0.001538
0.000021
0.000120
0.000019
0.000002
0.000002
0.000195
0.000125
0.004221
0.000063
0.000956
0.000004
0.000136
0.000370
0.000658
0.003416
0.001769
0.000003
0.000246
0.000674
0.000010
0.000117
0.000003
0.000022
0.000140
0.000112
0.000254
0.000075
0.000033
0.000016
0.000017
0.000002
0.000001
0.000047
0.000133
0.000057
0.000103
0.000044
0.000192
0.000045
0.000027
0.000005
0.000103
0.000011
0.000039
0.000032
0.000048
0.000001
0.000032
0.003776
0.000005
0.000007
0.000008
0.000024
0.000058
0.000017
0.000002
0.000003
0.000026
0.000004
0.000011
0.000022
0.000046
0.000003
0.000017
0.000069
0.000027
0.000007
0.000012
0.000015
0.000009
0.000105
0.000016
0.000006
0.000019
0.000001
0.000012
0.000611
0.000006
0.000007
0.000004
0.000003
0.000018
0.000158
0.002243
0.018037
0.000030
0.000003
0.005726
0.000001
0.005524
0.000005
0.000028
0.000001
0.000066
0.000023
0.000002
0.000006
0.000002
0.000003
0.011547
0.000004
0.000006
0.000004
0.000011
0.000018
0.000001
0.000009
0.000062
0.000010
0.000003
0.000011
0.000013
0.000022
0.000003
0.000002
0.000396
