0.000001
0.000008
0.000013
0.000011
0.000006
0.000019
0.000006
0.000004
0.000019
0.000002
0.000009
0.000005
0.000006
0.000016
0.000002
0.000010
0.000014
0.000043
0.000001
0.000002
0.000006
0.000107
0.000024
0.000011
0.000027
0.000000
0.000001
0.000000
0.000003
0.000019
0.000004
0.000000
0.000000
0.000000
0.000000
0.000000
0.000006
0.000000
0.000001
0.000001
0.000001
0.000002
0.000000
0.000001
0.000002
0.000000
0.000000
0.000000
0.000000
0.000000
0.000000
0.000024
0.000001
0.000000
0.000000
0.000000
0.000000
0.000000
0.000001
0.000000
0.000001
0.000000
0.000000
0.000000
0.000000
0.000002
0.000002
0.000000
0.000000
0.000001
0.000001
0.000000
0.000001
0.000003
0.000002
0.000003
0.000004
0.000002
0.000002
0.000009
0.000005
0.000003
0.000026
0.000129
0.000211
0.000025
0.000004
0.000001
0.000006
0.000057
0.000000
0.000000
0.000003
0.000002
0.000009
0.000000
0.000001
0.000021
0.000002
0.000034
0.000000
0.000000
0.000005
0.000004
0.000196
0.000002
0.000007
0.000001
0.000059
0.000000
0.000005
0.000001
0.000003
0.000034
0.000007
0.000011
0.000000
0.000014
0.000000
0.000000
0.000001
0.000000
0.000000
0.000002
0.000014
0.000000
0.000004
0.000001
0.000000
0.000001
0.000000
0.000002
0.000124
0.000035
0.000027
0.000036
0.000001
0.000002
0.000002
0.000004
0.000017
0.000003
0.000003
0.000002
0.000031
0.000158
0.000003
0.000002
0.000007
0.000001
0.000028
0.000099
0.000003
0.000000
0.000012
0.000001
0.000000
0.000152
0.000046
0.000000
0.000000
0.000000
0.000000
0.000000
0.000000
0.000000
0.000000
0.000000
0.000000
0.000000
0.000000
0.000004
0.000001
0.000005
0.000014
0.000000
0.000000
0.000000
0.000000
0.000000
0.000000
0.000000
0.000000
0.000000
0.000000
0.000002
0.000040
0.000003
0.000001
0.000000
0.000000
0.000000
0.000005
0.000003
0.000000
0.000000
0.000003
0.000000
0.000003
0.000001
0.000000
0.000004
0.000000
0.000007
0.000000
0.000000
0.000000
0.000000
0.000000
0.000001
0.000000
0.000000
0.000000
0.000000
0.000000
0.000000
0.000000
0.000000
0.000000
0.000000
0.000000
0.000000
0.000000
0.000005
0.000002
0.000001
0.000002
0.000001
0.000000
0.000000
0.000031
0.000007
0.000002
0.000000
0.000000
0.000007
0.000000
0.000003
0.000000
0.000001
0.000002
0.000000
0.000000
0.000000
0.000000
0.000001
0.000000
0.000000
0.000147
0.000009
0.000068
0.000000
0.000006
0.000064
0.000000
0.000000
0.000000
0.000001
0.000017
0.000082
0.000001
0.000015
0.000000
0.000135
0.000019
0.000000
0.000000
0.000000
0.000006
0.000357
0.000091
0.000060
0.001596
0.000015
0.000620
0.000002
0.000002
0.004357
0.000960
0.001169
0.001383
0.355100
0.075364
0.005263
0.015957
0.422535
0.000594
0.032810
0.000076
0.000070
0.000026
0.000005
0.000320
0.000012
0.000000
0.000000
0.000001
0.000000
0.000010
0.000004
0.000000
0.000000
0.000000
0.000000
0.000000
0.000000
0.000000
0.000000
0.000001
0.000002
0.000006
0.000007
0.000004
0.000003
0.000002
0.000001
0.000001
0.000000
0.000000
0.000001
0.000001
0.000001
0.000012
0.000000
0.000005
0.000002
0.000002
0.000013
0.000002
0.000001
0.002514
0.066717
0.000714
0.000167
0.000016
0.000355
0.000000
0.000021
0.000001
0.000000
0.000009
0.000005
0.000015
0.000005
0.000000
0.000002
0.000000
0.000000
0.000004
0.000001
0.000025
0.000002
0.000042
0.000047
0.000000
0.000024
0.000657
0.000284
0.000009
0.000023
0.000018
0.000005
0.000004
0.000003
0.000001
0.000005
0.000000
0.000000
0.000005
0.000000
0.000005
0.000009
0.000001
0.000004
0.000010
0.000000
0.000000
0.000003
0.000003
0.000000
0.000007
0.000004
0.000013
0.000076
0.000094
0.000000
0.000000
0.000004
0.000000
0.000017
0.000005
0.000018
0.000021
0.000024
0.000001
0.000003
0.000015
0.000099
0.000002
0.000000
0.000001
0.000000
0.000000
0.000006
0.000003
0.000001
0.000003
0.000000
0.000002
0.000009
0.000001
0.000000
0.000005
0.000000
0.000000
0.000000
0.000000
0.000001
0.000004
0.000004
0.000000
0.000003
0.000000
0.000000
0.000001
0.000001
0.000003
0.000004
0.000009
0.000001
0.000001
0.000000
0.000001
0.000000
0.000009
0.000007
0.000001
0.000000
0.000021
0.000001
0.000002
0.000188
0.000003
0.000001
0.000000
0.000001
0.000002
0.000001
0.000001
0.000000
0.000001
0.000002
0.000001
0.000025
0.000008
0.000005
0.000004
0.000024
0.000003
0.000000
0.000000
0.000019
0.000066
0.000046
0.000004
0.000001
0.000001
0.000001
0.000006
0.000015
0.000024
0.000001
0.000000
0.000010
0.000001
0.000000
0.000017
0.000055
0.000067
0.000004
0.000011
0.000004
0.000001
0.000005
0.000001
0.000001
0.000000
0.000002
0.000003
0.000028
0.000002
0.000002
0.000000
0.000001
0.000001
0.000003
0.000001
0.000013
0.000008
0.000001
0.000000
0.000006
0.000004
0.000009
0.000013
0.000004
0.000005
0.000011
0.000190
0.000001
0.000001
0.000000
0.000011
0.000001
0.000008
0.000003
0.000001
0.000001
0.000001
0.000003
0.000001
0.000000
0.000001
0.000001
0.000004
0.000001
0.000002
0.000001
0.000001
0.000000
0.000002
0.000001
0.000003
0.000000
0.000105
0.000002
0.000001
0.000004
0.000002
0.000062
0.000004
0.000000
0.000002
0.000005
0.000000
0.000038
0.000007
0.000000
0.000000
0.000001
0.000000
0.000000
0.000065
0.000003
0.000001
0.000000
0.000020
0.000005
0.000003
0.000002
0.000000
0.000001
0.000087
0.000001
0.000000
0.000002
0.000004
0.000001
0.000001
0.000000
0.000010
0.000000
0.000034
0.000000
0.000002
0.000000
0.000000
0.000001
0.000002
0.000000
0.000001
0.000001
0.000000
0.000001
0.000001
0.000004
0.000000
0.000003
0.000045
0.000001
0.000001
0.000000
0.000003
0.000001
0.000001
0.000000
0.000005
0.000001
0.000000
0.000001
0.000007
0.000002
0.000001
0.000000
0.000006
0.000003
0.000006
0.000000
0.000003
0.000000
0.000000
0.000015
0.000000
0.000001
0.000000
0.000002
0.000000
0.000002
0.000003
0.000001
0.000056
0.000001
0.000010
0.000003
0.000002
0.000000
0.000013
0.000000
0.000004
0.000000
0.000001
0.000003
0.000020
0.000002
0.000003
0.000001
0.000010
0.000001
0.000001
0.000002
0.000001
0.000001
0.000000
0.000017
0.000060
0.000000
0.000000
0.000005
0.000001
0.000000
0.000001
0.000000
0.000000
0.000008
0.000000
0.000000
0.000000
0.000004
0.000001
0.000002
0.000000
0.000000
0.000010
0.000001
0.000001
0.000001
0.000001
0.000002
0.000000
0.000003
0.000003
0.000001
0.000000
0.000069
0.000312
0.000000
0.000053
0.000029
0.000001
0.000000
0.000007
0.000017
0.000004
0.000002
0.000002
0.000002
0.000001
0.000000
0.000002
0.000000
0.000002
0.000004
0.000004
0.000000
0.000016
0.000011
0.000012
0.000000
0.000004
0.000005
0.000096
0.000001
0.000000
0.000010
0.000004
0.000000
0.000000
0.000005
0.000013
0.000001
0.000004
0.000009
0.000002
0.000001
0.000001
0.000002
0.000007
0.000000
0.000001
0.000075
0.000004
0.000001
0.000082
0.000026
0.000002
0.000010
0.000000
0.000002
0.001117
0.000003
0.000002
0.000001
0.000000
0.000001
0.000000
0.000001
0.000000
0.000002
0.000004
0.000001
0.000001
0.000001
0.000009
0.000002
0.000011
0.000005
0.000001
0.000003
0.000000
0.000015
0.000005
0.000000
0.000002
0.000013
0.000008
0.000002
0.000001
0.000000
0.000000
0.000000
0.000012
0.000062
0.000000
0.000002
0.000002
0.000002
0.000000
0.000004
0.000000
0.000015
0.000002
0.000001
0.000059
0.000135
0.000000
0.000004
0.000002
0.000000
0.000009
0.000000
0.000001
0.000000
0.000004
0.000024
0.000013
0.000000
0.000006
0.000002
0.000002
0.000002
0.000004
0.000002
0.000035
0.000001
0.000087
0.000006
0.000001
0.000002
0.000000
0.000002
0.000002
0.000003
0.000022
0.000010
0.000002
0.000000
0.000003
0.000002
0.000000
0.000000
0.000007
0.000081
0.000002
0.000002
0.000027
0.000015
0.000001
0.000000
0.000028
0.000002
0.000000
0.000000
0.000000
0.000002
0.000001
0.000000
0.000002
0.000000
0.000014
0.000001
0.000000
0.000001
0.000003
0.000011
0.000000
0.000034
0.000002
0.000002
0.000003
0.000001
0.000032
0.000004
0.000001
0.000003
0.000007
0.000026
0.000002
0.000001
0.000002
0.000005
0.000000
0.000001
0.000012
0.000002
0.000002
0.000019
0.000000
0.000001
0.000001
0.000002
0.000001
0.000041
0.000008
0.000001
0.000000
0.000002
0.000000
0.000000
0.000001
0.000002
0.000001
0.000005
0.000000
0.000000
0.000000
0.000005
0.000024
0.000001
0.000002
0.000014
0.000002
0.000000
0.000005
0.000007
0.000005
0.000003
0.000001
0.000000
0.000000
0.000000
0.000001
0.000001
0.000017
0.000000
0.000002
0.000030
0.000027
0.000048
0.000071
0.000012
0.000000
0.000001
0.000001
0.000001
0.000418
0.000009
0.000002
0.000002
0.000002
0.000002
0.000003
0.000001
0.000005
0.000003
0.000004
0.000000
0.000000
0.000004
0.000033
0.000002
0.000000
0.000002
0.000000
0.000000
0.000000
0.000000
0.000000
0.000000
0.000000
0.000008
0.000000
0.000000
0.000003
0.000000
0.000000
0.000000
0.000000
0.000010
0.000000
0.000000
0.000000
0.000000
0.000000
0.000000
0.000000
0.000000
0.000003
0.000000
0.000001
0.000000
0.000001
0.000001
0.000000
0.000002
0.000002
0.000000
0.000000
0.000000
0.000021
0.000000
0.000000
0.000000
0.000000
0.000000
0.000000
0.000000
0.000000
0.000005
0.000040
0.000009
0.000000
0.000053
0.000000
0.000004
0.000002
0.000002
0.000000
0.000001
0.000002
0.000001
0.000001
0.000001
0.000000
0.000001
0.000000
0.000017
0.000000
0.000024
0.000001
0.000001
0.000002
0.000003
0.000000
0.000000
0.000000
0.000001
0.000001
0.000000
0.000024
0.000012
