0.000000
0.000000
0.000000
0.000000
0.000000
0.000000
0.000000
0.000000
0.000000
0.000000
0.000000
0.000000
0.000000
0.000000
0.000000
0.000000
0.000000
0.000000
0.000000
0.000000
0.000000
0.000000
0.000000
0.000000
0.000000
0.000000
0.000000
0.000000
0.000000
0.000000
0.000000
0.000000
0.000000
0.000000
0.000000
0.000000
0.000000
0.000000
0.000000
0.000000
0.000000
0.000000
0.000000
0.000000
0.000000
0.000000
0.000000
0.000000
0.000000
0.000000
0.000000
0.000000
0.000001
0.000001
0.000000
0.000000
0.000000
0.000000
0.000000
0.000000
0.000000
0.000000
0.000000
0.000000
0.000000
0.000001
0.000000
0.000000
0.000000
0.000001
0.000000
0.000000
0.000000
0.000000
0.000000
0.000000
0.000000
0.000000
0.000000
0.000001
0.000000
0.000000
0.000000
0.000000
0.000000
0.000000
0.000000
0.000000
0.000000
0.000000
0.000000
0.000000
0.000000
0.000000
0.000000
0.000000
0.000000
0.000000
0.000000
0.000000
0.000000
0.000000
0.000000
0.000000
0.000000
0.000000
0.000000
0.000001
0.000000
0.000000
0.000000
0.000006
0.000000
0.000000
0.000000
0.000000
0.000001
0.000000
0.000000
0.000000
0.000000
0.000000
0.000000
0.000000
0.000000
0.000000
0.000000
0.000000
0.000000
0.000000
0.000000
0.000000
0.000000
0.000000
0.000000
0.000000
0.000000
0.000000
0.000000
0.000000
0.000000
0.000000
0.000000
0.000000
0.000000
0.000000
0.000000
0.000000
0.000001
0.000000
0.000000
0.000000
0.000000
0.000000
0.000000
0.000000
0.000000
0.000000
0.000000
0.000000
0.000000
0.000000
0.000000
0.000000
0.000000
0.000000
0.000000
0.000000
0.000000
0.000000
0.000000
0.000000
0.000000
0.000000
0.000000
0.000000
0.000000
0.000000
0.000000
0.000000
0.000000
0.000000
0.000000
0.000000
0.000000
0.000000
0.000000
0.000000
0.000000
0.000000
0.000000
0.000000
0.000000
0.000000
0.000000
0.000000
0.000000
0.000000
0.000000
0.000000
0.000000
0.000000
0.000000
0.000000
0.000000
0.000000
0.000000
0.000000
0.000000
0.000000
0.000000
0.000000
0.000000
0.000000
0.000000
0.000000
0.000000
0.000000
0.000000
0.000000
0.000000
0.000000
0.000000
0.000000
0.000000
0.000000
0.000000
0.000000
0.000000
0.000000
0.000000
0.000000
0.000000
0.000000
0.000000
0.000000
0.000000
0.000000
0.000000
0.000000
0.000000
0.000000
0.000000
0.000000
0.000000
0.000000
0.000000
0.000000
0.000000
0.000000
0.000000
0.000000
0.000000
0.000000
0.000000
0.000000
0.000000
0.000000
0.000000
0.000000
0.000000
0.000000
0.000000
0.000000
0.000000
0.000000
0.000000
0.000000
0.000000
0.000000
0.000000
0.000000
0.000000
0.000000
0.000000
0.000000
0.000000
0.000000
0.000000
0.000000
0.000000
0.000000
0.000000
0.000000
0.000000
0.000000
0.000000
0.000000
0.000000
0.000000
0.000000
0.000000
0.000000
0.000000
0.000000
0.000000
0.000000
0.000000
0.000000
0.000000
0.000000
0.000000
0.000000
0.000000
0.000000
0.000000
0.000000
0.000000
0.000000
0.000000
0.000000
0.000000
0.000000
0.000000
0.000000
0.000000
0.000000
0.000000
0.000000
0.000000
0.000000
0.000000
0.000000
0.000000
0.000000
0.000000
0.000000
0.000000
0.000000
0.000001
0.000000
0.000000
0.000000
0.000002
0.000000
0.000000
0.000000
0.000000
0.000000
0.000000
0.000000
0.000000
0.000000
0.000000
0.000000
0.000000
0.000000
0.000000
0.000000
0.000000
0.000000
0.000000
0.000000
0.000000
0.000000
0.000000
0.000000
0.000000
0.000000
0.000000
0.000000
0.000000
0.000000
0.000000
0.000000
0.000000
0.000000
0.000000
0.000000
0.000000
0.000000
0.000000
0.000000
0.000000
0.000000
0.000000
0.000000
0.000000
0.000000
0.000000
0.000000
0.000000
0.000000
0.000000
0.000000
0.000000
0.000000
0.000000
0.000000
0.000000
0.000000
0.000000
0.000000
0.000000
0.000000
0.000000
0.000000
0.000000
0.002823
0.000000
0.000000
0.000038
0.000001
0.000000
0.000000
0.000000
0.000000
0.000000
0.000000
0.000011
0.000000
0.000000
0.000017
0.000000
0.000001
0.000001
0.000000
0.000000
0.000065
0.000008
0.000000
0.000009
0.000000
0.000000
0.000001
0.000000
0.000076
0.000001
0.000003
0.000000
0.000000
0.000000
0.000008
0.000000
0.000000
0.000003
0.000004
0.000000
0.000279
0.000000
0.000006
0.000006
0.000006
0.000001
0.000000
0.000000
0.000001
0.000001
0.000000
0.000000
0.000000
0.000001
0.000000
0.000001
0.000001
0.000032
0.000000
0.000000
0.000011
0.000000
0.000000
0.000002
0.000004
0.000000
0.000023
0.000000
0.000000
0.000000
0.000003
0.000000
0.000010
0.000000
0.000000
0.000016
0.000000
0.000000
0.000000
0.000168
0.000006
0.000005
0.000148
0.000129
0.000362
0.000000
0.000000
0.000147
0.000000
0.536240
0.000002
0.000001
0.000002
0.000000
0.000002
0.000001
0.000003
0.000003
0.000000
0.000000
0.000005
0.000005
0.000000
0.000000
0.000002
0.000001
0.000009
0.000000
0.000009
0.007135
0.000868
0.000000
0.000001
0.000001
0.000003
0.000064
0.000000
0.000000
0.000001
0.000000
0.000000
0.000000
0.000002
0.000000
0.000002
0.000006
0.000002
0.000000
0.000000
0.000025
0.001576
0.000001
0.000390
0.000855
0.000000
0.000000
0.000000
0.000000
0.000000
0.000000
0.000000
0.000003
0.000000
0.000000
0.000010
0.000016
0.000000
0.000005
0.000007
0.000000
0.000003
0.000000
0.000000
0.000001
0.000000
0.000019
0.000000
0.000000
0.000000
0.000004
0.000025
0.000010
0.000001
0.000002
0.000000
0.000002
0.000000
0.000003
0.000005
0.000000
0.000000
0.000000
0.000000
0.000002
0.000001
0.000000
0.000010
0.000000
0.000000
0.000001
0.000000
0.000000
0.000000
0.000069
0.000000
0.000026
0.000007
0.000024
0.000000
0.000011
0.000004
0.000002
0.065164
0.000000
0.000055
0.000109
0.000000
0.000000
0.000001
0.000000
0.000002
0.000017
0.000011
0.000000
0.000000
0.000000
0.000011
0.008244
0.000012
0.000000
0.000000
0.000002
0.000000
0.000001
0.000000
0.000079
0.000000
0.000002
0.000000
0.000000
0.000003
0.000000
0.000032
0.000002
0.000007
0.000011
0.000001
0.000000
0.000175
0.000000
0.000001
0.000008
0.000001
0.000180
0.000026
0.000002
0.000000
0.000013
0.000009
0.000032
0.000001
0.000001
0.000006
0.000000
0.000000
0.000000
0.000111
0.000000
0.000006
0.000017
0.000004
0.000000
0.000026
0.000009
0.000000
0.000000
0.000001
0.000000
0.000003
0.000000
0.000000
0.000000
0.000000
0.000000
0.002709
0.000000
0.000011
0.000000
0.000001
0.000000
0.000000
0.000000
0.000000
0.000000
0.000000
0.000071
0.000005
0.000000
0.000004
0.000001
0.000000
0.000001
0.000027
0.000072
0.000004
0.000005
0.000039
0.000021
0.000017
0.000001
0.000306
0.000000
0.000000
0.000000
0.000138
0.000003
0.000000
0.000023
0.000010
0.000000
0.000000
0.000000
0.000001
0.000000
0.000001
0.000001
0.000130
0.000004
0.000001
0.000983
0.000001
0.000036
0.000035
0.000010
0.000011
0.000001
0.000003
0.000000
0.000001
0.000002
0.000000
0.000001
0.000017
0.000000
0.000003
0.000000
0.000000
0.000006
0.000011
0.000000
0.000002
0.000005
0.000000
0.000007
0.000005
0.000015
0.000000
0.000000
0.000000
0.000044
0.000001
0.000000
0.000001
0.000004
0.000003
0.000005
0.000005
0.000005
0.000005
0.000004
0.000005
0.000000
0.000000
0.000002
0.000002
0.000010
0.010944
0.000000
0.000002
0.000000
0.000029
0.000002
0.000012
0.351395
0.000000
0.000002
0.000000
0.000004
0.000002
0.000055
0.000000
0.000106
0.000004
0.000011
0.001059
0.000056
0.000001
0.000000
0.000001
0.000019
0.000039
0.000002
0.000000
0.000010
0.000008
0.000007
0.000736
0.000002
0.000000
0.000003
0.000003
0.000002
0.000033
0.000007
0.000002
0.000000
0.000000
0.000001
0.000000
0.000001
0.000008
0.000009
0.000023
0.000002
0.000000
0.000000
0.000021
0.000000
0.000000
0.000001
0.000000
0.000000
0.000550
0.001163
0.000003
0.000012
0.000002
0.000000
0.000002
0.000001
0.000036
0.000000
0.000000
0.000000
0.000000
0.000004
0.000000
0.000000
0.000075
0.000003
0.000004
0.000003
0.000001
0.000000
0.000000
0.000000
0.000000
0.000001
0.000001
0.000002
0.000088
0.000000
0.000009
0.000000
0.000000
0.000002
0.000159
0.000006
0.000000
0.000000
0.001000
0.000001
0.000000
0.000012
0.000001
0.000000
0.000000
0.000123
0.000000
0.000000
0.000000
0.000014
0.000001
0.000001
0.000017
0.000000
0.000000
0.000000
0.000001
0.000001
0.000002
0.000000
0.000000
0.000000
0.000000
0.000000
0.000000
0.000004
0.000001
0.000031
0.000311
0.000000
0.000000
0.000000
0.000039
0.000011
0.000000
0.000000
0.000046
0.000000
0.000000
0.000000
0.000000
0.000046
0.000000
0.000003
0.000000
0.000000
0.000002
0.000000
0.000161
0.000027
0.000000
0.000006
0.000021
0.000000
0.000003
0.000002
0.000001
0.000002
0.000000
0.000000
0.000001
0.000005
0.000000
0.000000
0.000000
0.000000
0.000006
0.000000
0.000001
0.000017
0.000015
0.000006
0.000016
0.000000
0.000000
0.000000
0.000000
0.000000
0.000000
0.000004
0.000000
0.000000
0.000012
0.000000
0.000001
0.000000
0.000000
0.000000
0.000000
0.000000
0.000000
0.000000
0.000000
0.000000
0.000000
0.000000
0.000000
0.000000
0.000001
0.000000
0.000000
0.000000
0.000000
0.000000
0.000001
0.000000
0.000000
0.000000
0.000000
0.000000
0.000002
0.000000
0.000000
0.000000
0.000000
0.000000
0.000000
0.000004
0.000001
0.000009
0.000000
0.000004
0.000000
0.000000
0.000000
0.000000
0.000000
0.000001
0.000000
0.000000
0.000000
0.000000
0.000000
0.000000
0.000000
0.000000
0.000000
0.000002
0.000000
0.000000
0.000000
0.000000
0.000000
0.000000
0.000000
0.000000
0.000000
0.000000
0.000001
0.000006
