0.000003
0.000016
0.000063
0.000027
0.000022
0.000108
0.000031
0.000004
0.000005
0.000001
0.000001
0.000002
0.000005
0.000001
0.000015
0.000001
0.000001
0.000008
0.000006
0.000003
0.000001
0.000001
0.000004
0.000004
0.000002
0.000003
0.000003
0.000004
0.000009
0.000069
0.000005
0.000011
0.000011
0.000007
0.000008
0.000004
0.000013
0.000005
0.000020
0.000000
0.000002
0.000001
0.000000
0.000001
0.000002
0.000008
0.000002
0.000002
0.000001
0.000001
0.000003
0.000006
0.000015
0.000025
0.000005
0.000005
0.000018
0.000001
0.000005
0.000005
0.000006
0.000002
0.000002
0.000019
0.000006
0.000056
0.000003
0.000003
0.000003
0.000009
0.000002
0.000017
0.000001
0.000006
0.000002
0.000024
0.000009
0.000009
0.000011
0.000074
0.000008
0.000005
0.000003
0.000005
0.000002
0.000005
0.000010
0.000011
0.000002
0.000008
0.000001
0.000001
0.000001
0.000002
0.000009
0.000001
0.000023
0.000016
0.000034
0.000098
0.000021
0.000007
0.000004
0.000005
0.000004
0.000001
0.000002
0.000089
0.000022
0.000004
0.000013
0.000020
0.000079
0.000015
0.000009
0.000024
0.000009
0.000019
0.000009
0.000001
0.000020
0.000005
0.000006
0.000004
0.000006
0.000021
0.000033
0.000003
0.000001
0.000005
0.000006
0.000002
0.000034
0.000001
0.000009
0.000003
0.000004
0.000009
0.000001
0.000002
0.000002
0.000002
0.000002
0.000003
0.000007
0.000029
0.000041
0.000015
0.000163
0.000081
0.000013
0.000045
0.000039
0.000096
0.000066
0.000022
0.000054
0.000043
0.000066
0.000003
0.000006
0.000021
0.000045
0.000007
0.000006
0.000011
0.000013
0.000015
0.000011
0.000009
0.000001
0.000017
0.000019
0.000012
0.000004
0.000002
0.000003
0.000002
0.000007
0.000029
0.000015
0.000009
0.000013
0.000016
0.000008
0.000020
0.000011
0.000057
0.000029
0.000017
0.000046
0.000027
0.000019
0.000011
0.000011
0.000039
0.000016
0.000003
0.000002
0.000019
0.000005
0.000018
0.000032
0.000069
0.000039
0.000006
0.000004
0.000015
0.000020
0.000006
0.000002
0.000005
0.000008
0.000009
0.000005
0.000022
0.000011
0.000015
0.000021
0.000009
0.000008
0.000009
0.000014
0.000032
0.000008
0.000007
0.000004
0.000004
0.000010
0.000010
0.000006
0.000017
0.000021
0.000012
0.000009
0.000014
0.000003
0.000043
0.000021
0.000021
0.000016
0.000009
0.000069
0.000008
0.000005
0.000070
0.000002
0.000013
0.000020
0.000019
0.000017
0.000044
0.000026
0.000023
0.000097
0.000002
0.000005
0.000030
0.000062
0.000039
0.000019
0.000002
0.000014
0.000018
0.000025
0.000029
0.000011
0.000005
0.000003
0.000001
0.000003
0.000001
0.000005
0.000007
0.000002
0.000000
0.000003
0.000002
0.000001
0.000007
0.000003
0.000012
0.000014
0.000028
0.000059
0.000013
0.000002
0.000005
0.000007
0.000005
0.000007
0.000003
0.000016
0.000005
0.000006
0.000002
0.000022
0.000001
0.000001
0.000003
0.000005
0.000033
0.000017
0.000014
0.000011
0.000006
0.000014
0.000001
0.000003
0.000016
0.000011
0.000002
0.000002
0.000002
0.000097
0.000009
0.000006
0.000004
0.000001
0.000003
0.000004
0.000004
0.000004
0.000004
0.000006
0.000001
0.000002
0.000004
0.000012
0.000020
0.000018
0.000010
0.000031
0.000171
0.000018
0.000007
0.000001
0.000007
0.000061
0.000010
0.000008
0.000007
0.000001
0.000001
0.000008
0.000008
0.000001
0.000016
0.000007
0.000005
0.000001
0.000000
0.000001
0.000003
0.000002
0.000012
0.000030
0.000015
0.000027
0.000023
0.000006
0.000020
0.000015
0.000019
0.000001
0.000005
0.000006
0.000009
0.000005
0.000002
0.000006
0.000007
0.000016
0.000006
0.000006
0.000009
0.000005
0.000003
0.000006
0.000003
0.000008
0.000002
0.000009
0.000009
0.000007
0.000003
0.000002
0.000008
0.000019
0.000003
0.000020
0.000007
0.000093
0.000108
0.000008
0.000002
0.000013
0.000217
0.000678
0.000064
0.000033
0.000731
0.000112
0.000038
0.000088
0.000346
0.000105
0.000695
0.000796
0.001601
0.000014
0.000078
0.002091
0.000058
0.000517
0.000118
0.000136
0.000071
0.000946
0.001236
0.000086
0.000544
0.000078
0.000148
0.000499
0.000026
0.000196
0.000302
0.000099
0.000104
0.000070
0.000043
0.000075
0.000237
0.000061
0.001715
0.001054
0.000125
0.002980
0.000060
0.000715
0.000438
0.000643
0.000427
0.000009
0.000115
0.000369
0.002295
0.000441
0.000383
0.000347
0.000183
0.000033
0.000123
0.000117
0.000479
0.000026
0.000052
0.000218
0.000093
0.000030
0.000091
0.000043
0.000402
0.007699
0.000326
0.001555
0.000009
0.004168
0.000538
0.007128
0.000081
0.000098
0.002824
0.000009
0.020425
0.000076
0.000408
0.001458
0.001491
0.003014
0.001152
0.009774
0.000011
0.000075
0.005487
0.000057
0.013589
0.000270
0.000204
0.000118
0.000316
0.000597
0.000015
0.000076
0.000057
0.000049
0.000105
0.001303
0.000195
0.000006
0.000029
0.000225
0.000141
0.097225
0.002794
0.000110
0.049872
0.001368
0.000032
0.000729
0.000713
0.000190
0.000149
0.000018
0.000714
0.000483
0.000008
0.000883
0.000091
0.000120
0.000340
0.000045
0.000042
0.000102
0.000023
0.000447
0.000321
0.008979
0.000349
0.007734
0.019274
0.000030
0.000025
0.000137
0.000314
0.000097
0.000007
0.000248
0.000026
0.000051
0.000039
0.000046
0.000800
0.000051
0.001093
0.001635
0.000105
0.000062
0.000135
0.003424
0.000417
0.000028
0.000110
0.000141
0.000319
0.000178
0.000033
0.000107
0.000067
0.002143
0.000435
0.000204
0.000142
0.000018
0.000287
0.000066
0.000253
0.000005
0.000122
0.001263
0.000584
0.000121
0.000369
0.000366
0.000304
0.000123
0.000068
0.000014
0.000152
0.000008
0.011956
0.000038
0.000129
0.000517
0.001824
0.000380
0.000160
0.000356
0.001419
0.002712
0.000069
0.001072
0.000530
0.000010
0.000028
0.000102
0.000087
0.000606
0.000228
0.000455
0.000010
0.000015
0.000011
0.000533
0.021238
0.007659
0.000138
0.000006
0.001077
0.000464
0.000069
0.000019
0.003274
0.000013
0.000443
0.000022
0.000173
0.000266
0.000413
0.001640
0.000090
0.002026
0.000205
0.000108
0.000282
0.026954
0.003299
0.000308
0.000703
0.000105
0.004256
0.003033
0.005824
0.000009
0.001192
0.003793
0.003896
0.000281
0.000128
0.000011
0.000176
0.000074
0.000097
0.001050
0.000002
0.000147
0.003617
0.000502
0.000004
0.001231
0.002635
0.000027
0.001133
0.000402
0.000038
0.001934
0.000160
0.000046
0.000144
0.001108
0.000205
0.021356
0.000026
0.001251
0.000329
0.000405
0.000088
0.000106
0.000024
0.000592
0.000015
0.000034
0.005604
0.000716
0.000589
0.000719
0.000045
0.001383
0.000051
0.005077
0.000646
0.000012
0.000045
0.000267
0.005004
0.007994
0.000426
0.001976
0.000003
0.000007
0.000387
0.000842
0.000044
0.000106
0.005364
0.000204
0.000011
0.000027
0.000102
0.000749
0.000007
0.000062
0.000212
0.012152
0.002425
0.000084
0.010628
0.000073
0.001458
0.004775
0.003055
0.001530
0.000661
0.000290
0.000008
0.000154
0.001196
0.000053
0.002325
0.032384
0.000145
0.001400
0.000019
0.000015
0.001762
0.000144
0.000546
0.000606
0.001008
0.000023
0.000259
0.019736
0.000081
0.002023
0.000011
0.000241
0.000289
0.000132
0.000161
0.000188
0.000069
0.003780
0.000165
0.000345
0.105442
0.001155
0.000348
0.001368
0.000061
0.000015
0.003508
0.000133
0.000262
0.011460
0.000006
0.000112
0.000472
0.001372
0.003284
0.000583
0.007398
0.000197
0.000483
0.000029
0.000130
0.000218
0.005805
0.000240
0.000491
0.000227
0.001417
0.001214
0.003441
0.000179
0.000006
0.000022
0.000054
0.000665
0.001215
0.000010
0.001554
0.003176
0.000726
0.000405
0.002626
0.002735
0.000109
0.000211
0.000018
0.000905
0.000383
0.000029
0.000059
0.000025
0.000054
0.000141
0.000110
0.000058
0.000053
0.000681
0.000222
0.000095
0.000741
0.001105
0.000398
0.000060
0.000073
0.000023
0.000313
0.001469
0.010031
0.006671
0.000402
0.000904
0.000009
0.000052
0.002374
0.005839
0.000246
0.000015
0.000034
0.000139
0.000518
0.000013
0.000002
0.002749
0.000388
0.001832
0.000230
0.000047
0.000155
0.000025
0.000150
0.000014
0.000024
0.002991
0.001087
0.010012
0.000018
0.000217
0.000117
0.000077
0.000055
0.008710
0.000811
0.000289
0.000067
0.003595
0.006039
0.000058
0.003616
0.000129
0.000020
0.000138
0.009923
0.000091
0.000030
0.000036
0.009465
0.000204
0.000517
0.005928
0.000024
0.000429
0.000058
0.000794
0.002117
0.004575
0.000008
0.000095
0.000036
0.000050
0.000081
0.000098
0.000021
0.001513
0.000203
0.001251
0.000108
0.000093
0.000039
0.008326
0.000183
0.000302
0.000020
0.000242
0.000017
0.000034
0.000076
0.000242
0.002110
0.000219
0.000207
0.000011
0.000118
0.000569
0.000393
0.012531
0.009227
0.000097
0.009847
0.016156
0.000030
0.000237
0.000102
0.000027
0.000284
0.000040
0.000043
0.000075
0.000044
0.000017
0.000035
0.000077
0.000451
0.001037
0.000047
0.000331
0.000333
0.001013
0.000462
0.000137
0.000055
0.000009
0.000058
0.000005
0.000012
0.000065
0.000689
0.000005
0.000025
0.000515
0.000017
0.000053
0.000006
0.000001
0.000023
0.000023
0.000006
0.000007
0.000002
0.000019
0.000013
0.000002
0.000014
0.000002
0.000007
0.000075
0.000025
0.000016
0.000008
0.000003
0.000014
0.000020
0.000005
0.000004
0.000008
0.000004
0.000010
0.000492
0.000025
0.000021
0.000006
0.000004
0.000039
0.000318
0.003092
0.013746
0.000554
0.000014
0.000551
0.000001
0.000022
0.000005
0.000171
0.000004
0.000124
0.000023
0.000003
0.000004
0.000063
0.000024
0.000124
0.000008
0.000018
0.000002
0.000030
0.000014
0.000001
0.000014
0.000005
0.000006
0.000001
0.000006
0.000004
0.000003
0.000005
0.000013
0.003524
