0.000003
0.000003
0.000012
0.000006
0.000004
0.000011
0.000006
0.000002
0.000003
0.000003
0.000003
0.000001
0.000012
0.000008
0.000006
0.000014
0.000002
0.000016
0.000017
0.000007
0.000001
0.000008
0.000060
0.000020
0.000002
0.000012
0.000005
0.000002
0.000013
0.000007
0.000002
0.000002
0.000003
0.000007
0.000023
0.000002
0.000005
0.000003
0.000001
0.000001
0.000003
0.000001
0.000001
0.000000
0.000000
0.000017
0.000003
0.000001
0.000001
0.000002
0.000002
0.000012
0.000001
0.000005
0.000002
0.000002
0.000001
0.000001
0.000012
0.000001
0.000012
0.000002
0.000004
0.000001
0.000001
0.000007
0.000000
0.000001
0.000001
0.000006
0.000001
0.000003
0.000001
0.000052
0.000011
0.000055
0.000032
0.000013
0.000004
0.000034
0.000015
0.000000
0.000003
0.000002
0.000016
0.000015
0.000004
0.000019
0.000001
0.000007
0.000001
0.000003
0.000002
0.000001
0.000004
0.000002
0.000002
0.000001
0.000002
0.000004
0.000003
0.000017
0.000051
0.000064
0.000002
0.000003
0.000006
0.000029
0.000005
0.000004
0.000008
0.000022
0.000007
0.000003
0.000006
0.000007
0.000002
0.000001
0.000037
0.000002
0.000001
0.000020
0.000004
0.000023
0.000017
0.000002
0.000016
0.000003
0.000001
0.000001
0.000001
0.000001
0.000004
0.000001
0.000007
0.000004
0.000000
0.000009
0.000000
0.000002
0.000001
0.000001
0.000000
0.000002
0.000003
0.000025
0.000002
0.000020
0.000009
0.000022
0.000039
0.000009
0.000002
0.000002
0.000023
0.000028
0.000012
0.000009
0.000003
0.000002
0.000002
0.000017
0.000017
0.000011
0.000004
0.000022
0.000001
0.000002
0.000005
0.000004
0.000010
0.000001
0.000001
0.000001
0.000007
0.000006
0.000000
0.000011
0.000002
0.000011
0.000004
0.000001
0.000062
0.000010
0.000021
0.000041
0.000008
0.000035
0.000006
0.000007
0.000002
0.000058
0.000061
0.000036
0.000018
0.000004
0.000009
0.000012
0.000006
0.000021
0.000010
0.000014
0.000035
0.000118
0.000014
0.000023
0.000004
0.000008
0.000025
0.000020
0.000000
0.000003
0.000004
0.000032
0.000052
0.000005
0.000003
0.000004
0.000006
0.000005
0.000007
0.000023
0.000004
0.000039
0.000122
0.000005
0.000029
0.000008
0.000008
0.000008
0.000014
0.000019
0.000033
0.000072
0.000045
0.000016
0.000012
0.000034
0.000033
0.000017
0.000044
0.000019
0.000020
0.000006
0.000045
0.000009
0.000001
0.000006
0.000002
0.000017
0.000014
0.000010
0.000067
0.000003
0.000036
0.000013
0.000052
0.000012
0.000013
0.000026
0.000025
0.000014
0.000012
0.000028
0.000083
0.000078
0.000004
0.000007
0.000001
0.000012
0.000003
0.000004
0.000016
0.000006
0.000005
0.000004
0.000018
0.000012
0.000001
0.000003
0.000007
0.000015
0.000008
0.000087
0.000020
0.000006
0.000002
0.000001
0.000004
0.000001
0.000004
0.000007
0.000002
0.000001
0.000027
0.000043
0.000031
0.000005
0.000002
0.000003
0.000002
0.000006
0.000011
0.000004
0.000001
0.000011
0.000024
0.000001
0.000004
0.000009
0.000012
0.000002
0.000003
0.000016
0.000061
0.000001
0.000014
0.000002
0.000002
0.000004
0.000009
0.000007
0.000001
0.000001
0.000001
0.000000
0.000001
0.000000
0.000015
0.000029
0.000010
0.000004
0.000002
0.000019
0.000059
0.000013
0.000003
0.000110
0.000016
0.000003
0.000003
0.000009
0.000016
0.000003
0.000007
0.000035
0.000017
0.001716
0.000014
0.000022
0.000005
0.000000
0.000000
0.000001
0.000007
0.000041
0.000004
0.000018
0.000008
0.000006
0.000008
0.000024
0.000014
0.000009
0.000008
0.000011
0.000003
0.000003
0.000001
0.000001
0.000001
0.000001
0.000005
0.000004
0.000010
0.000003
0.000002
0.000001
0.000002
0.000042
0.000008
0.000002
0.000004
0.000005
0.000002
0.000023
0.000014
0.000025
0.000003
0.000002
0.000011
0.000015
0.000006
0.000004
0.000012
0.000012
0.000007
0.000005
0.000106
0.000034
0.000041
0.000104
0.000025
0.001373
0.000604
0.000233
0.000026
0.000758
0.000274
0.000252
0.000145
0.000001
0.000407
0.000046
0.000011
0.000569
0.000016
0.000074
0.000132
0.000004
0.000029
0.000773
0.000030
0.000035
0.000065
0.000230
0.000017
0.000377
0.000024
0.000002
0.000003
0.000011
0.000056
0.000002
0.000004
0.000595
0.004015
0.000016
0.000004
0.000016
0.000006
0.000010
0.000275
0.000001
0.000049
0.000001
0.000267
0.000113
0.000021
0.000053
0.000337
0.000002
0.000000
0.000131
0.000083
0.000012
0.000206
0.000004
0.000040
0.000001
0.000063
0.000012
0.000015
0.000025
0.000037
0.000005
0.000968
0.000037
0.001957
0.000115
0.000009
0.000042
0.000061
0.000068
0.000001
0.011492
0.000034
0.000354
0.000050
0.001023
0.004002
0.000288
0.004151
0.000013
0.000006
0.046041
0.000011
0.000156
0.000029
0.000040
0.000003
0.000010
0.005177
0.000979
0.000147
0.000083
0.000000
0.000112
0.009566
0.000004
0.000006
0.000009
0.000001
0.000003
0.000074
0.000186
0.000126
0.000326
0.001034
0.000015
0.000083
0.003559
0.000027
0.000018
0.000001
0.000143
0.000009
0.000029
0.000176
0.000191
0.000006
0.000465
0.000012
0.000084
0.000002
0.000027
0.000316
0.006524
0.000029
0.000001
0.000601
0.000147
0.000035
0.000006
0.000819
0.000006
0.000107
0.000039
0.000344
0.000318
0.000006
0.000049
0.000027
0.000035
0.000057
0.000145
0.000050
0.000564
0.000947
0.000015
0.000073
0.000014
0.000005
0.002903
0.000004
0.000642
0.000876
0.000217
0.000257
0.000077
0.000010
0.000364
0.000030
0.000516
0.000027
0.001199
0.000003
0.000156
0.000007
0.008444
0.000016
0.000346
0.000004
0.000041
0.000005
0.000351
0.000024
0.000045
0.000003
0.005832
0.000037
0.022106
0.000102
0.000301
0.000024
0.000037
0.000451
0.000032
0.000005
0.000032
0.000127
0.000008
0.001180
0.001133
0.000008
0.000031
0.000004
0.000004
0.009333
0.000043
0.000056
0.000006
0.000029
0.000049
0.000011
0.000777
0.000021
0.000015
0.000023
0.001336
0.000016
0.000042
0.000113
0.000508
0.000003
0.000010
0.000003
0.000055
0.000044
0.000026
0.008874
0.000018
0.000038
0.000104
0.000047
0.000068
0.000106
0.311383
0.000048
0.000006
0.000016
0.000004
0.010741
0.000061
0.000113
0.000053
0.000252
0.002428
0.000003
0.000001
0.000022
0.000004
0.000307
0.000001
0.000017
0.000009
0.000601
0.000005
0.000024
0.000008
0.000118
0.013219
0.000082
0.000053
0.003560
0.000008
0.018673
0.000337
0.000001
0.000014
0.001909
0.001261
0.006622
0.000021
0.004141
0.000043
0.000004
0.000153
0.000065
0.000009
0.000035
0.000023
0.000036
0.000170
0.000122
0.007517
0.000007
0.000020
0.000016
0.000002
0.000002
0.005789
0.000089
0.000013
0.000007
0.000365
0.000017
0.000161
0.000973
0.000001
0.000035
0.000040
0.000007
0.000005
0.000039
0.000016
0.000012
0.000001
0.000017
0.000020
0.000139
0.000007
0.000049
0.000730
0.000886
0.002656
0.000268
0.000036
0.000024
0.000311
0.000036
0.000024
0.000044
0.006657
0.000002
0.000002
0.000111
0.009381
0.000204
0.000006
0.000007
0.000025
0.000065
0.000001
0.000008
0.000009
0.000009
0.001748
0.000034
0.000192
0.000015
0.000031
0.001459
0.000099
0.004682
0.000006
0.002110
0.000022
0.000013
0.000004
0.000020
0.000021
0.040883
0.000026
0.000504
0.030247
0.000005
0.000013
0.000051
0.000020
0.000038
0.000526
0.000034
0.001314
0.073453
0.000055
0.000193
0.012975
0.000043
0.000221
0.000736
0.000055
0.000058
0.000013
0.000089
0.000023
0.093743
0.000015
0.000015
0.000015
0.000005
0.001106
0.000091
0.000017
0.000000
0.000006
0.000077
0.000109
0.000056
0.000653
0.000030
0.000140
0.001588
0.000056
0.000061
0.000756
0.000032
0.000006
0.000027
0.000019
0.000003
0.000040
0.000019
0.000002
0.000060
0.000037
0.000006
0.000030
0.000023
0.000874
0.000044
0.000005
0.000079
0.000414
0.000041
0.000026
0.000001
0.001259
0.000003
0.000010
0.000458
0.001552
0.000281
0.000115
0.000087
0.000103
0.000001
0.000582
0.002467
0.000590
0.000285
0.000104
0.000253
0.000109
0.000008
0.000003
0.000025
0.019105
0.000028
0.001213
0.001184
0.000177
0.000017
0.000271
0.000040
0.000051
0.000111
0.000070
0.000007
0.000628
0.000015
0.000005
0.000004
0.000009
0.000057
0.000150
0.000017
0.000052
0.002609
0.000005
0.000015
0.002053
0.000059
0.000052
0.000656
0.000010
0.000045
0.000006
0.000046
0.006934
0.000108
0.000043
0.000152
0.000023
0.002076
0.000022
0.000020
0.043394
0.000146
0.000012
0.000018
0.000004
0.000734
0.000198
0.000207
0.000412
0.000781
0.000100
0.000190
0.000303
0.000184
0.005749
0.000100
0.000026
0.000261
0.000024
0.000043
0.000004
0.000491
0.000037
0.000002
0.002678
0.000144
0.000109
0.000217
0.000703
0.000159
0.000912
0.000101
0.000023
0.000132
0.000001
0.000026
0.000012
0.000453
0.000083
0.000005
0.000075
0.003211
0.000302
0.000003
0.000005
0.000022
0.000448
0.000006
0.000066
0.000144
0.000004
0.000002
0.000035
0.007084
0.000046
0.000031
0.000005
0.000002
0.000003
0.000008
0.000002
0.000003
0.000005
0.000008
0.000017
0.000012
0.000003
0.000002
0.000003
0.000004
0.000007
0.000010
0.000003
0.000001
0.000003
0.000001
0.000002
0.000003
0.000001
0.000005
0.000001
0.000004
0.000001
0.000015
0.000002
0.000003
0.000009
0.000005
0.000001
0.000000
0.000001
0.000055
0.000002
0.000037
0.000005
0.000246
0.000008
0.000014
0.000009
0.000022
0.000006
0.000015
0.000000
0.000043
0.000826
0.000019
0.000032
0.000010
0.000070
0.000109
0.000129
0.000102
0.000010
0.000170
0.000016
0.000039
0.000037
0.000004
0.000007
0.000000
0.000018
0.000004
0.000001
0.000003
0.000001
0.000001
0.000000
0.000001
0.000002
0.000002
0.000001
0.000010
0.000011
