0.000000
0.000001
0.000003
0.000003
0.000003
0.000000
0.000000
0.000000
0.000000
0.000000
0.000000
0.000000
0.000000
0.000000
0.000000
0.000000
0.000000
0.000000
0.000000
0.000000
0.000000
0.000000
0.000000
0.000000
0.000000
0.000000
0.000000
0.000000
0.000000
0.000002
0.000000
0.000000
0.000000
0.000000
0.000000
0.000000
0.000001
0.000000
0.000000
0.000000
0.000001
0.000000
0.000000
0.000000
0.000000
0.000000
0.000001
0.000000
0.000000
0.000000
0.000000
0.000001
0.000000
0.000000
0.000000
0.000000
0.000000
0.000000
0.000000
0.000000
0.000000
0.000000
0.000000
0.000000
0.000000
0.000000
0.000000
0.000000
0.000000
0.000002
0.000000
0.000000
0.000000
0.000001
0.000000
0.000002
0.000001
0.000000
0.000000
0.000001
0.000000
0.000000
0.000000
0.000000
0.000000
0.000000
0.000000
0.000002
0.000000
0.000000
0.000000
0.000000
0.000000
0.000000
0.000001
0.000000
0.000000
0.000000
0.000000
0.000000
0.000000
0.000000
0.000000
0.000000
0.000000
0.000000
0.000000
0.000006
0.000002
0.000000
0.000000
0.000002
0.000000
0.000000
0.000000
0.000000
0.000000
0.000000
0.000000
0.000000
0.000000
0.000000
0.000000
0.000000
0.000000
0.000000
0.000008
0.000000
0.000000
0.000000
0.000000
0.000000
0.000000
0.000000
0.000001
0.000000
0.000000
0.000000
0.000000
0.000000
0.000000
0.000000
0.000000
0.000000
0.000000
0.000001
0.000000
0.000000
0.000001
0.000005
0.000001
0.000001
0.000000
0.000001
0.000000
0.000000
0.000000
0.000000
0.000000
0.000000
0.000000
0.000001
0.000000
0.000000
0.000000
0.000001
0.000000
0.000000
0.000000
0.000000
0.000000
0.000000
0.000001
0.000000
0.000001
0.000000
0.000000
0.000000
0.000000
0.000001
0.000001
0.000001
0.000001
0.000000
0.000000
0.000001
0.000002
0.000001
0.000001
0.000001
0.000000
0.000001
0.000009
0.000001
0.000001
0.000000
0.000001
0.000000
0.000000
0.000004
0.000000
0.000000
0.000001
0.000009
0.000001
0.000001
0.000000
0.000000
0.000001
0.000001
0.000000
0.000000
0.000000
0.000000
0.000000
0.000000
0.000000
0.000000
0.000000
0.000000
0.000000
0.000000
0.000000
0.000005
0.000006
0.000000
0.000001
0.000002
0.000000
0.000000
0.000000
0.000001
0.000001
0.000001
0.000000
0.000002
0.000000
0.000003
0.000001
0.000000
0.000000
0.000000
0.000001
0.000000
0.000000
0.000001
0.000000
0.000000
0.000001
0.000000
0.000002
0.000001
0.000010
0.000001
0.000002
0.000000
0.000001
0.000001
0.000002
0.000000
0.000000
0.000000
0.000000
0.000000
0.000002
0.000001
0.000001
0.000000
0.000000
0.000000
0.000001
0.000000
0.000000
0.000001
0.000000
0.000000
0.000000
0.000000
0.000000
0.000000
0.000000
0.000001
0.000001
0.000001
0.000001
0.000001
0.000000
0.000000
0.000000
0.000000
0.000000
0.000000
0.000000
0.000000
0.000000
0.000000
0.000000
0.000000
0.000000
0.000000
0.000000
0.000001
0.000001
0.000000
0.000000
0.000000
0.000001
0.000000
0.000000
0.000000
0.000002
0.000003
0.000001
0.000004
0.000004
0.000001
0.000000
0.000000
0.000000
0.000000
0.000000
0.000000
0.000000
0.000000
0.000001
0.000000
0.000000
0.000001
0.000001
0.000000
0.000001
0.000001
0.000005
0.000015
0.000001
0.000000
0.000000
0.000001
0.000001
0.000000
0.000000
0.000001
0.000000
0.000000
0.000000
0.000000
0.000000
0.000002
0.000000
0.000000
0.000000
0.000000
0.000000
0.000000
0.000000
0.000000
0.000000
0.000000
0.000001
0.000001
0.000000
0.000002
0.000001
0.000000
0.000000
0.000001
0.000000
0.000001
0.000000
0.000000
0.000000
0.000000
0.000001
0.000000
0.000000
0.000000
0.000000
0.000000
0.000000
0.000002
0.000001
0.000000
0.000000
0.000000
0.000000
0.000000
0.000000
0.000000
0.000000
0.000001
0.000001
0.000002
0.000003
0.000001
0.000002
0.000001
0.000001
0.000001
0.000005
0.000001
0.000001
0.000213
0.000001
0.000002
0.000019
0.000001
0.000000
0.000322
0.000020
0.000156
0.000006
0.000002
0.000185
0.000006
0.000018
0.000003
0.000000
0.000000
0.000067
0.000076
0.000001
0.000113
0.000003
0.000018
0.000009
0.000000
0.000070
0.000005
0.000007
0.000000
0.000001
0.000038
0.000001
0.000003
0.000007
0.000032
0.002420
0.000001
0.000079
0.000000
0.000004
0.000002
0.000006
0.000002
0.000000
0.000001
0.000411
0.000014
0.000023
0.000001
0.000004
0.000000
0.000002
0.000030
0.000013
0.000009
0.000003
0.000002
0.000001
0.000001
0.000000
0.000048
0.000003
0.000026
0.000052
0.000035
0.000038
0.000001
0.001860
0.000003
0.000003
0.000000
0.000013
0.000028
0.000003
0.000207
0.000001
0.000784
0.000243
0.000309
0.011172
0.001223
0.022163
0.000000
0.000006
0.024835
0.000000
0.000269
0.000000
0.000001
0.000001
0.000001
0.000203
0.000660
0.000001
0.000207
0.000000
0.000001
0.000004
0.000006
0.000000
0.000001
0.000000
0.000001
0.000009
0.000070
0.000029
0.000148
0.000264
0.000001
0.000000
0.000654
0.000002
0.000003
0.000000
0.000006
0.000054
0.000000
0.000628
0.000018
0.000015
0.000030
0.000001
0.000003
0.000026
0.000000
0.000396
0.000551
0.000525
0.000007
0.002299
0.002806
0.000004
0.000000
0.001733
0.000080
0.000002
0.000000
0.000014
0.000003
0.000000
0.000002
0.000003
0.000015
0.000002
0.001976
0.000035
0.000008
0.000004
0.000029
0.000173
0.000003
0.000001
0.001237
0.000000
0.000025
0.000006
0.000000
0.000001
0.000073
0.000072
0.000016
0.000000
0.000004
0.000002
0.000005
0.000001
0.000001
0.000000
0.000035
0.000010
0.000087
0.000003
0.000000
0.000011
0.000026
0.000001
0.000000
0.000000
0.000043
0.000001
0.002456
0.000002
0.000010
0.000004
0.000005
0.000030
0.000006
0.000015
0.000081
0.000034
0.000008
0.002385
0.000023
0.000000
0.000005
0.000005
0.000002
0.000024
0.000004
0.000009
0.000000
0.000000
0.000000
0.000002
0.001543
0.000441
0.000001
0.000001
0.000666
0.000004
0.000001
0.000000
0.000766
0.000001
0.000007
0.000000
0.000009
0.000003
0.000001
0.000762
0.000008
0.000028
0.000008
0.000006
0.000012
0.000049
0.000249
0.000012
0.000001
0.000001
0.000013
0.000396
0.000055
0.000001
0.000069
0.000056
0.000534
0.000000
0.000001
0.000001
0.000000
0.000007
0.000002
0.000043
0.000000
0.000073
0.000216
0.000012
0.000000
0.000034
0.000293
0.000020
0.000009
0.000768
0.000011
0.002299
0.000012
0.000000
0.000003
0.000217
0.000002
0.004434
0.000000
0.000035
0.000006
0.000001
0.000005
0.000001
0.000008
0.000016
0.000000
0.000002
0.000083
0.000090
0.001694
0.000006
0.000011
0.000028
0.000000
0.000031
0.000349
0.000000
0.000001
0.000003
0.001328
0.000145
0.000010
0.001567
0.000000
0.000000
0.000031
0.000111
0.000000
0.000015
0.000021
0.000011
0.000002
0.000001
0.000000
0.000024
0.000000
0.000000
0.000028
0.003003
0.000147
0.000002
0.000446
0.000007
0.000150
0.000146
0.000036
0.000029
0.679035
0.000013
0.000000
0.000004
0.000423
0.000000
0.000041
0.000012
0.000011
0.000010
0.000001
0.000000
0.000004
0.000010
0.000003
0.000015
0.000959
0.000000
0.000009
0.003958
0.000000
0.000651
0.000001
0.000003
0.000008
0.000002
0.000040
0.000074
0.000001
0.138163
0.000005
0.000009
0.011278
0.000005
0.000002
0.000019
0.000001
0.000002
0.000066
0.000004
0.000091
0.001856
0.000001
0.000028
0.001282
0.000007
0.000041
0.000539
0.000109
0.000001
0.000008
0.000001
0.000018
0.000318
0.000041
0.000005
0.000085
0.000049
0.000376
0.000010
0.000003
0.000001
0.000000
0.000000
0.000001
0.001105
0.000074
0.000000
0.000008
0.000112
0.000139
0.000182
0.000818
0.000270
0.000005
0.000005
0.000001
0.000046
0.000104
0.000001
0.000004
0.000003
0.000001
0.000002
0.000001
0.000027
0.000011
0.000300
0.000008
0.000008
0.000014
0.000041
0.000010
0.000001
0.000017
0.000000
0.000001
0.000340
0.003774
0.000011
0.000117
0.000041
0.000002
0.000000
0.000102
0.000731
0.000000
0.000000
0.000000
0.000017
0.000023
0.000001
0.000000
0.000115
0.005107
0.000023
0.000013
0.000026
0.000014
0.000000
0.000000
0.000006
0.000005
0.000003
0.000007
0.000057
0.000000
0.000016
0.000008
0.000000
0.000001
0.000759
0.000089
0.000003
0.000004
0.026189
0.000008
0.000001
0.000033
0.000002
0.000000
0.000001
0.000003
0.000020
0.000000
0.000000
0.001971
0.000003
0.000122
0.000005
0.000002
0.000079
0.000001
0.000004
0.000014
0.000022
0.000008
0.000000
0.000002
0.000008
0.000001
0.000149
0.000010
0.000020
0.000273
0.000190
0.000004
0.000002
0.000035
0.000808
0.000012
0.000008
0.000001
0.000046
0.000000
0.000000
0.000001
0.000005
0.000666
0.000006
0.000021
0.000015
0.000017
0.000031
0.001985
0.000084
0.000048
0.000000
0.000000
0.000004
0.000002
0.000013
0.000016
0.000017
0.000008
0.000041
0.000002
0.000001
0.000000
0.000000
0.000001
0.000001
0.000000
0.000037
0.000006
0.000007
0.000008
0.000004
0.000017
0.000006
0.000000
0.000000
0.000001
0.000001
0.000000
0.000000
0.000002
0.000000
0.000001
0.000001
0.000000
0.000000
0.000000
0.000001
0.000002
0.000001
0.000000
0.000000
0.000000
0.000000
0.000000
0.000000
0.000000
0.000000
0.000000
0.000000
0.000001
0.000000
0.000000
0.000000
0.000000
0.000000
0.000000
0.000000
0.000000
0.000000
0.000000
0.000001
0.000000
0.000000
0.000000
0.000000
0.000001
0.000002
0.000002
0.000003
0.000000
0.000000
0.000008
0.000000
0.000000
0.000000
0.000000
0.000000
0.000001
0.000000
0.000000
0.000000
0.000000
0.000002
0.000007
0.000000
0.000000
0.000000
0.000001
0.000000
0.000000
0.000000
0.000000
0.000000
0.000000
0.000000
0.000000
0.000000
0.000000
0.000001
0.000052
