0.000015
0.000033
0.000081
0.000030
0.000048
0.000029
0.000035
0.000008
0.000016
0.000006
0.000002
0.000002
0.000051
0.000006
0.000010
0.000009
0.000003
0.000006
0.000007
0.000002
0.000003
0.000002
0.000013
0.000008
0.000002
0.000004
0.000008
0.000010
0.000005
0.000105
0.000009
0.000034
0.000016
0.000004
0.000008
0.000003
0.000008
0.000004
0.000003
0.000008
0.000006
0.000001
0.000005
0.000005
0.000004
0.000009
0.000014
0.000002
0.000002
0.000002
0.000006
0.000007
0.000007
0.000010
0.000008
0.000004
0.000004
0.000001
0.000004
0.000006
0.000012
0.000006
0.000004
0.000005
0.000009
0.000011
0.000005
0.000004
0.000003
0.000006
0.000004
0.000009
0.000002
0.000011
0.000005
0.000046
0.000024
0.000015
0.000025
0.000033
0.000010
0.000003
0.000004
0.000006
0.000006
0.000015
0.000012
0.000018
0.000002
0.000013
0.000002
0.000002
0.000002
0.000002
0.000018
0.000001
0.000006
0.000005
0.000019
0.000056
0.000012
0.000003
0.000023
0.000008
0.000010
0.000011
0.000011
0.000014
0.000011
0.000004
0.000013
0.000002
0.000047
0.000015
0.000018
0.000018
0.000004
0.000014
0.000074
0.000004
0.000006
0.000028
0.000003
0.000004
0.000010
0.000013
0.000011
0.000014
0.000004
0.000003
0.000006
0.000001
0.000005
0.000001
0.000009
0.000009
0.000005
0.000012
0.000003
0.000003
0.000006
0.000007
0.000001
0.000010
0.000021
0.000009
0.000017
0.000023
0.000027
0.000024
0.000047
0.000050
0.000014
0.000248
0.000079
0.000042
0.000035
0.000011
0.000018
0.000005
0.000007
0.000038
0.000031
0.000013
0.000018
0.000037
0.000006
0.000007
0.000060
0.000016
0.000004
0.000017
0.000017
0.000018
0.000013
0.000021
0.000004
0.000011
0.000014
0.000017
0.000011
0.000018
0.000045
0.000027
0.000054
0.000083
0.000024
0.000079
0.000043
0.000115
0.000028
0.000116
0.000102
0.000047
0.000071
0.000014
0.000053
0.000014
0.000006
0.000120
0.000017
0.000066
0.000125
0.000480
0.000140
0.000018
0.000014
0.000019
0.000025
0.000034
0.000001
0.000010
0.000034
0.000013
0.000016
0.000040
0.000025
0.000011
0.000031
0.000010
0.000003
0.000030
0.000043
0.000135
0.000018
0.000004
0.000010
0.000021
0.000028
0.000046
0.000017
0.000025
0.000018
0.000023
0.000031
0.000018
0.000014
0.000055
0.000045
0.000012
0.000034
0.000011
0.000045
0.000016
0.000009
0.000015
0.000011
0.000004
0.000032
0.000025
0.000048
0.000032
0.000086
0.000027
0.000055
0.000003
0.000013
0.000055
0.000100
0.000163
0.000067
0.000011
0.000034
0.000027
0.000026
0.000450
0.000104
0.000038
0.000014
0.000004
0.000006
0.000002
0.000014
0.000026
0.000007
0.000003
0.000007
0.000004
0.000003
0.000005
0.000009
0.000024
0.000015
0.000241
0.000089
0.000036
0.000004
0.000016
0.000003
0.000003
0.000003
0.000003
0.000004
0.000003
0.000002
0.000004
0.000012
0.000001
0.000003
0.000005
0.000005
0.000026
0.000010
0.000003
0.000012
0.000004
0.000011
0.000002
0.000002
0.000005
0.000068
0.000011
0.000012
0.000013
0.000111
0.000016
0.000011
0.000011
0.000001
0.000001
0.000013
0.000007
0.000002
0.000003
0.000003
0.000001
0.000002
0.000004
0.000014
0.000013
0.000098
0.000041
0.000753
0.000310
0.000054
0.000017
0.000004
0.000023
0.000181
0.000009
0.000008
0.000050
0.000005
0.000006
0.000011
0.000005
0.000004
0.000035
0.000015
0.000005
0.000004
0.000002
0.000002
0.000007
0.000007
0.000020
0.000024
0.000037
0.000033
0.000036
0.000007
0.000043
0.000023
0.000014
0.000003
0.000012
0.000011
0.000003
0.000004
0.000002
0.000008
0.000004
0.000043
0.000010
0.000015
0.000004
0.000002
0.000006
0.000008
0.000005
0.000012
0.000003
0.000009
0.000010
0.000006
0.000003
0.000002
0.000018
0.000011
0.000017
0.000014
0.000047
0.000017
0.000017
0.000013
0.000016
0.000005
0.000028
0.000114
0.000011
0.000009
0.000307
0.000064
0.000301
0.000238
0.000283
0.000594
0.013230
0.002550
0.000419
0.000427
0.000036
0.001637
0.000060
0.000949
0.000132
0.000031
0.000186
0.000742
0.000047
0.000050
0.001173
0.000028
0.001595
0.000478
0.000192
0.000044
0.001014
0.000442
0.000011
0.000018
0.000230
0.000029
0.000016
0.000180
0.005618
0.003802
0.000150
0.000068
0.000109
0.000044
0.000138
0.000295
0.000035
0.000011
0.000016
0.000778
0.000998
0.000690
0.001084
0.000073
0.000039
0.000011
0.000441
0.000072
0.000290
0.000035
0.000009
0.000057
0.000015
0.000258
0.000088
0.000107
0.000069
0.002818
0.000058
0.001329
0.000042
0.000981
0.001669
0.000306
0.000161
0.000923
0.000112
0.000012
0.007207
0.000068
0.000308
0.001328
0.000325
0.003030
0.002622
0.019078
0.000007
0.000181
0.034498
0.000027
0.002169
0.000059
0.000183
0.000028
0.000016
0.006618
0.003180
0.000071
0.000224
0.000017
0.000285
0.001073
0.000309
0.000022
0.000015
0.000043
0.000016
0.000776
0.000754
0.000225
0.000252
0.003691
0.000015
0.001292
0.001498
0.000033
0.000037
0.000029
0.000093
0.001183
0.000120
0.000265
0.001242
0.000350
0.000926
0.000038
0.000153
0.000035
0.000074
0.002350
0.008772
0.000308
0.000245
0.001176
0.003603
0.000719
0.000057
0.001522
0.000012
0.002969
0.000015
0.000140
0.000254
0.000070
0.000117
0.000075
0.000485
0.000840
0.000361
0.000171
0.000919
0.001880
0.000217
0.000848
0.000209
0.000034
0.005793
0.000071
0.000186
0.002607
0.000155
0.000119
0.001917
0.000167
0.000404
0.000055
0.000271
0.000517
0.001707
0.000002
0.000421
0.000026
0.007919
0.000059
0.000290
0.000060
0.000040
0.000043
0.000533
0.000164
0.000067
0.000018
0.000510
0.000056
0.016730
0.000046
0.001297
0.000114
0.000048
0.000875
0.000104
0.000270
0.000510
0.001391
0.000115
0.001460
0.000747
0.000011
0.000194
0.000166
0.000026
0.007786
0.000147
0.000156
0.000026
0.000009
0.000019
0.000091
0.005862
0.003282
0.000052
0.000079
0.002281
0.000051
0.000163
0.000022
0.001418
0.000019
0.000081
0.000011
0.000043
0.000101
0.000336
0.025635
0.000153
0.000312
0.000210
0.000043
0.002685
0.000727
0.005050
0.001133
0.000034
0.000081
0.000117
0.005744
0.000169
0.000135
0.000300
0.001203
0.002075
0.000024
0.000015
0.000036
0.000036
0.000287
0.000025
0.000197
0.000002
0.000188
0.000078
0.000398
0.000013
0.000215
0.006542
0.000057
0.000446
0.006744
0.000098
0.006052
0.000583
0.000009
0.000179
0.010484
0.000063
0.017726
0.000034
0.004169
0.000110
0.000067
0.000145
0.000022
0.000269
0.000170
0.000005
0.000167
0.001371
0.000241
0.012438
0.000082
0.000079
0.000122
0.000019
0.000073
0.010920
0.000015
0.000035
0.000147
0.000217
0.000033
0.000532
0.001210
0.000009
0.000011
0.000075
0.000293
0.000035
0.000183
0.000219
0.000167
0.000016
0.000023
0.000028
0.001695
0.000018
0.000020
0.001836
0.001285
0.003738
0.000336
0.000610
0.000096
0.003016
0.001216
0.000169
0.000148
0.043625
0.000011
0.000006
0.000051
0.005393
0.000216
0.000379
0.000183
0.000542
0.000205
0.000011
0.000142
0.000155
0.000060
0.000220
0.000102
0.000354
0.000029
0.000105
0.003749
0.000035
0.005456
0.000024
0.006276
0.000067
0.000170
0.000223
0.000144
0.000037
0.244799
0.000224
0.000711
0.038890
0.000081
0.000278
0.001586
0.000105
0.000201
0.000382
0.000007
0.002381
0.012084
0.000017
0.001177
0.029415
0.000353
0.000076
0.003205
0.000973
0.000097
0.000082
0.000096
0.001113
0.001966
0.000296
0.000067
0.000076
0.000019
0.004148
0.000129
0.000182
0.000012
0.000019
0.000018
0.000147
0.001850
0.001364
0.000139
0.000082
0.009192
0.000214
0.000286
0.000947
0.003691
0.000035
0.000034
0.000224
0.000086
0.000139
0.000053
0.000019
0.000162
0.000025
0.000013
0.000114
0.000154
0.000921
0.001126
0.000056
0.000109
0.003385
0.000235
0.000031
0.000009
0.000290
0.000009
0.000167
0.001623
0.019973
0.000364
0.000433
0.001601
0.000035
0.000021
0.000650
0.000750
0.000165
0.000057
0.000022
0.000114
0.000103
0.000028
0.000009
0.000490
0.011724
0.000107
0.000541
0.000732
0.006383
0.000083
0.000286
0.000038
0.000017
0.000360
0.000322
0.000262
0.000055
0.000251
0.000036
0.000041
0.000468
0.004833
0.000545
0.002629
0.000919
0.013654
0.000443
0.000120
0.015037
0.000012
0.000072
0.000506
0.000064
0.000882
0.000087
0.000138
0.008224
0.000055
0.000685
0.000714
0.000011
0.000498
0.000011
0.000097
0.008977
0.001980
0.000015
0.000027
0.000075
0.000388
0.000028
0.000433
0.000051
0.007139
0.000164
0.001522
0.000175
0.000022
0.001430
0.003988
0.000196
0.000243
0.000043
0.000094
0.000006
0.000088
0.000052
0.000034
0.017088
0.000144
0.000675
0.000187
0.000053
0.002713
0.001502
0.000403
0.001024
0.000114
0.000069
0.000064
0.000017
0.000677
0.000579
0.000008
0.000104
0.000214
0.001147
0.000026
0.000048
0.000017
0.000370
0.000625
0.000490
0.000182
0.000014
0.000027
0.000100
0.000541
0.000146
0.000063
0.000028
0.000027
0.000009
0.000033
0.000111
0.000013
0.000078
0.000014
0.000116
0.000042
0.000019
0.000028
0.000031
0.000006
0.000055
0.000092
0.000061
0.000020
0.000006
0.000009
0.000020
0.000007
0.000005
0.000007
0.000008
0.000041
0.000015
0.000026
0.000004
0.000004
0.000066
0.000061
0.000015
0.000004
0.000004
0.000031
0.000012
0.000021
0.000224
0.000100
0.000072
0.000030
0.000071
0.000181
0.000096
0.000222
0.000031
0.000011
0.000161
0.000039
0.000020
0.000018
0.000808
0.000081
0.000675
0.000480
0.000013
0.000012
0.000011
0.000020
0.000068
0.000011
0.000021
0.000002
0.000151
0.000004
0.000004
0.000014
0.000014
0.000009
0.000001
0.000003
0.000004
0.000012
0.000004
0.000053
0.000577
