0.000104
0.000129
0.000339
0.000244
0.000154
0.008721
0.005006
0.000002
0.000012
0.000001
0.000002
0.000003
0.000002
0.000006
0.000033
0.000001
0.000002
0.000014
0.000024
0.000006
0.000001
0.000003
0.000001
0.000014
0.000012
0.000082
0.000129
0.000063
0.001797
0.001086
0.000428
0.000017
0.000347
0.000019
0.000025
0.000005
0.000036
0.000011
0.000423
0.000003
0.000021
0.000024
0.000004
0.000006
0.000011
0.000055
0.000023
0.000018
0.000005
0.000003
0.000004
0.000160
0.000127
0.000467
0.000005
0.000103
0.000024
0.000024
0.000049
0.000028
0.000030
0.000015
0.000009
0.000031
0.000032
0.000253
0.000016
0.000008
0.000037
0.000175
0.000001
0.000205
0.000003
0.000003
0.000001
0.000138
0.000024
0.000006
0.000019
0.000047
0.000014
0.000004
0.000008
0.000014
0.000051
0.000034
0.000018
0.000015
0.000146
0.000027
0.000003
0.000001
0.000002
0.000003
0.000002
0.000000
0.000046
0.000132
0.000001
0.000027
0.000021
0.000019
0.000004
0.000040
0.000001
0.000002
0.000005
0.000850
0.000883
0.000159
0.012768
0.013659
0.000110
0.000038
0.000078
0.015185
0.000041
0.000985
0.000056
0.000024
0.000055
0.000020
0.000124
0.000020
0.000050
0.000066
0.000076
0.000001
0.000001
0.000003
0.000006
0.000004
0.000017
0.000002
0.000031
0.000008
0.000005
0.000009
0.000001
0.000007
0.000006
0.000001
0.000003
0.000008
0.000015
0.000165
0.000083
0.000041
0.000273
0.000175
0.000098
0.000032
0.000008
0.000028
0.000008
0.000006
0.000002
0.000004
0.000033
0.000003
0.000002
0.000015
0.000026
0.000010
0.000003
0.000006
0.000008
0.000003
0.000012
0.000007
0.000000
0.000009
0.000010
0.000005
0.000009
0.000000
0.000002
0.000001
0.000035
0.000023
0.000106
0.000002
0.000001
0.000004
0.000001
0.000003
0.000003
0.000005
0.000010
0.000005
0.000004
0.000009
0.000025
0.000010
0.000003
0.000035
0.000006
0.000002
0.000001
0.000011
0.000001
0.000003
0.000005
0.000032
0.000004
0.000007
0.000013
0.000004
0.000056
0.000033
0.000004
0.000004
0.000006
0.000001
0.000001
0.000002
0.000001
0.000016
0.000001
0.000002
0.000001
0.000008
0.000014
0.000160
0.000016
0.000010
0.000003
0.000005
0.000003
0.000001
0.000001
0.000040
0.000064
0.000004
0.000011
0.000013
0.000003
0.000022
0.000003
0.000002
0.000008
0.000005
0.000027
0.000022
0.000001
0.000050
0.000005
0.000002
0.000017
0.000006
0.000053
0.000194
0.000008
0.000014
0.000252
0.000001
0.000003
0.000007
0.000047
0.000042
0.000006
0.000005
0.000002
0.000009
0.000008
0.000028
0.000005
0.000004
0.000002
0.000005
0.000020
0.000002
0.000004
0.000011
0.000006
0.000002
0.000010
0.000003
0.000004
0.000009
0.000003
0.000031
0.000020
0.000027
0.000220
0.000014
0.000012
0.000002
0.000071
0.000065
0.000243
0.000006
0.000045
0.000059
0.000003
0.000004
0.000020
0.000000
0.000006
0.000003
0.000007
0.000024
0.000043
0.000019
0.000045
0.000014
0.000166
0.000008
0.000006
0.000015
0.000019
0.000002
0.000002
0.000001
0.000011
0.000005
0.000005
0.000002
0.000001
0.000010
0.000010
0.000002
0.000004
0.000001
0.000003
0.000002
0.000010
0.000308
0.000191
0.001182
0.000020
0.000016
0.000012
0.000294
0.000026
0.000002
0.000000
0.000006
0.000063
0.000006
0.000028
0.000013
0.000003
0.000004
0.000024
0.000081
0.000029
0.000015
0.000035
0.000037
0.000006
0.000000
0.000005
0.000001
0.000002
0.000016
0.000011
0.000010
0.000010
0.000012
0.000019
0.000108
0.000031
0.000004
0.000002
0.000021
0.000042
0.000050
0.000020
0.000012
0.000039
0.000019
0.000014
0.000007
0.000015
0.000030
0.000006
0.000011
0.000009
0.000069
0.000008
0.000008
0.000003
0.000009
0.000043
0.000005
0.000003
0.000004
0.000025
0.000035
0.000614
0.000072
0.021397
0.008065
0.000191
0.000014
0.000097
0.015023
0.000086
0.000015
0.000015
0.000073
0.000087
0.000014
0.000116
0.000024
0.000002
0.000050
0.000447
0.000534
0.000007
0.000152
0.000367
0.000037
0.000533
0.001222
0.000013
0.000020
0.000103
0.001148
0.000002
0.000115
0.000036
0.000026
0.000069
0.000001
0.000102
0.000285
0.000155
0.000007
0.000037
0.000063
0.000009
0.000331
0.000021
0.000249
0.000092
0.000002
0.000417
0.000006
0.000662
0.000139
0.000007
0.012225
0.000006
0.000098
0.000226
0.034186
0.000115
0.000004
0.000126
0.000097
0.000218
0.000005
0.000006
0.000846
0.000022
0.000178
0.000064
0.000204
0.000003
0.001246
0.000003
0.000344
0.007608
0.000024
0.000132
0.000007
0.000221
0.006468
0.000147
0.000080
0.000063
0.001392
0.000030
0.000932
0.000203
0.003073
0.000048
0.001670
0.000031
0.001670
0.038445
0.000007
0.000003
0.048655
0.000031
0.006691
0.000419
0.000217
0.000242
0.000004
0.000108
0.000005
0.000007
0.000027
0.000054
0.000008
0.000165
0.000009
0.000003
0.000011
0.001940
0.000021
0.005261
0.000759
0.000766
0.009801
0.000938
0.000129
0.000030
0.000406
0.000164
0.000088
0.000010
0.000143
0.000142
0.000001
0.007444
0.000002
0.000017
0.000107
0.000018
0.000008
0.003973
0.000002
0.000014
0.000109
0.012800
0.002369
0.003008
0.002772
0.000006
0.000012
0.000067
0.001537
0.000029
0.000006
0.000162
0.000130
0.000002
0.000032
0.000011
0.000248
0.000222
0.004585
0.012574
0.000028
0.000002
0.000044
0.000154
0.000141
0.000060
0.000007
0.000007
0.000026
0.000096
0.000019
0.000073
0.000036
0.003504
0.000007
0.000093
0.000021
0.000001
0.000614
0.000226
0.000455
0.000002
0.000009
0.002617
0.000024
0.000273
0.000178
0.000671
0.000021
0.000022
0.000092
0.000002
0.000004
0.000001
0.004003
0.000009
0.000004
0.000747
0.000114
0.000055
0.000040
0.000284
0.000944
0.000784
0.000134
0.001036
0.000025
0.000004
0.000006
0.000085
0.000073
0.000044
0.000511
0.003312
0.000002
0.000001
0.000001
0.000063
0.002115
0.007921
0.000434
0.000016
0.000226
0.000172
0.000759
0.000000
0.050986
0.000002
0.001634
0.000024
0.000009
0.000139
0.000029
0.000616
0.000093
0.002262
0.000044
0.000001
0.000019
0.001402
0.000024
0.000149
0.000014
0.000063
0.000382
0.034135
0.004251
0.000003
0.000427
0.005063
0.000121
0.000127
0.000411
0.000349
0.000087
0.000011
0.005153
0.000593
0.000001
0.000043
0.000424
0.000002
0.000001
0.000419
0.000041
0.000002
0.000071
0.000187
0.000011
0.000085
0.000038
0.000052
0.000354
0.000008
0.000012
0.001063
0.000001
0.000083
0.000156
0.000210
0.000037
0.000007
0.000006
0.000950
0.000012
0.000004
0.007350
0.000068
0.000008
0.001660
0.000054
0.001017
0.000079
0.001979
0.000067
0.000002
0.000022
0.037476
0.028685
0.002180
0.000009
0.011094
0.000001
0.000003
0.000956
0.000277
0.000024
0.000016
0.010968
0.000709
0.000063
0.000010
0.000065
0.000228
0.000005
0.000002
0.000159
0.000637
0.000016
0.000012
0.001135
0.000010
0.002464
0.001056
0.000114
0.002378
0.000104
0.005317
0.000047
0.000007
0.000115
0.000001
0.039745
0.000236
0.000821
0.000318
0.000036
0.000001
0.003136
0.000052
0.000189
0.000165
0.000202
0.000004
0.000079
0.001719
0.000001
0.000142
0.000054
0.000004
0.000461
0.000241
0.000830
0.000352
0.000043
0.000456
0.000003
0.000093
0.009282
0.003231
0.000008
0.007117
0.000030
0.000025
0.000514
0.000278
0.000336
0.031437
0.000002
0.000736
0.000021
0.010483
0.000988
0.000025
0.010477
0.000016
0.004082
0.000054
0.000116
0.000009
0.000215
0.000097
0.000385
0.014957
0.000082
0.001504
0.004877
0.003724
0.000013
0.000024
0.000036
0.000521
0.000045
0.000000
0.000043
0.000160
0.001518
0.003122
0.000326
0.000160
0.003380
0.000118
0.000001
0.001066
0.000276
0.000051
0.000197
0.000467
0.000038
0.006045
0.000184
0.000005
0.000004
0.000042
0.015571
0.000186
0.000012
0.000300
0.002853
0.000050
0.000037
0.000034
0.000222
0.000691
0.001492
0.000074
0.000435
0.000350
0.000027
0.000026
0.000688
0.001732
0.000028
0.000016
0.000003
0.000568
0.004306
0.000064
0.000000
0.004401
0.001972
0.012419
0.000009
0.000012
0.000015
0.000006
0.000020
0.000001
0.000133
0.006725
0.009398
0.000550
0.000001
0.000012
0.000116
0.000310
0.000023
0.005325
0.000056
0.000068
0.000055
0.030772
0.008013
0.000160
0.000062
0.000051
0.000000
0.000045
0.004183
0.000037
0.000003
0.000022
0.001009
0.000007
0.001093
0.000169
0.000043
0.000047
0.000107
0.000052
0.000007
0.001109
0.000018
0.000054
0.000010
0.000082
0.000005
0.000004
0.000008
0.000285
0.000005
0.001790
0.000009
0.000016
0.000001
0.005922
0.001553
0.000021
0.000120
0.000020
0.000002
0.000002
0.000197
0.000124
0.004160
0.000063
0.000938
0.000004
0.000139
0.000368
0.000667
0.003449
0.001785
0.000003
0.000245
0.000679
0.000010
0.000119
0.000003
0.000021
0.000143
0.000115
0.000258
0.000076
0.000032
0.000017
0.000017
0.000002
0.000001
0.000048
0.000136
0.000058
0.000104
0.000045
0.000194
0.000046
0.000027
0.000005
0.000105
0.000011
0.000039
0.000032
0.000049
0.000001
0.000032
0.003765
0.000004
0.000007
0.000008
0.000024
0.000058
0.000017
0.000002
0.000003
0.000026
0.000004
0.000012
0.000022
0.000046
0.000003
0.000018
0.000068
0.000027
0.000007
0.000012
0.000015
0.000009
0.000105
0.000016
0.000006
0.000019
0.000001
0.000012
0.000608
0.000006
0.000007
0.000004
0.000003
0.000018
0.000162
0.002272
0.017966
0.000030
0.000003
0.005893
0.000001
0.005826
0.000005
0.000029
0.000001
0.000067
0.000024
0.000002
0.000006
0.000002
0.000003
0.011740
0.000004
0.000006
0.000004
0.000011
0.000018
0.000001
0.000009
0.000065
0.000010
0.000003
0.000011
0.000013
0.000023
0.000003
0.000002
0.000396
