0.000425
0.000266
0.010799
0.088587
0.052854
0.006724
0.014273
0.000227
0.000071
0.000009
0.000052
0.000008
0.000006
0.000260
0.000010
0.000015
0.000032
0.000284
0.000294
0.000192
0.000094
0.000039
0.000005
0.000036
0.000006
0.000001
0.000009
0.000004
0.000014
0.008103
0.000001
0.000009
0.000004
0.000166
0.000052
0.000054
0.000052
0.000011
0.000040
0.000011
0.000005
0.000005
0.000004
0.000010
0.000011
0.000003
0.000008
0.000008
0.000002
0.000001
0.000008
0.002698
0.000018
0.000038
0.000030
0.000003
0.000048
0.000000
0.000025
0.000001
0.000014
0.000003
0.000005
0.000040
0.000029
0.000060
0.000005
0.000003
0.000004
0.000073
0.000078
0.000124
0.000006
0.000049
0.000031
0.000248
0.000058
0.000040
0.000238
0.000122
0.000186
0.000429
0.000474
0.000661
0.000265
0.000952
0.000554
0.000157
0.000050
0.000705
0.000003
0.000010
0.000005
0.000017
0.000011
0.000005
0.000105
0.001444
0.000266
0.003085
0.000031
0.000281
0.000007
0.000060
0.000081
0.000039
0.000058
0.001978
0.003150
0.000186
0.000194
0.000034
0.000422
0.000081
0.000035
0.000464
0.000028
0.022644
0.000089
0.000016
0.000021
0.000018
0.000046
0.000026
0.000570
0.000131
0.000419
0.000114
0.000124
0.000043
0.000112
0.000050
0.000957
0.000013
0.001095
0.000006
0.000034
0.000240
0.000116
0.000015
0.000029
0.000020
0.000020
0.000050
0.000209
0.015170
0.004675
0.000018
0.013487
0.019569
0.002037
0.001766
0.000037
0.000329
0.000049
0.000132
0.000010
0.000115
0.001163
0.000032
0.000006
0.000129
0.000786
0.000131
0.000076
0.000286
0.000245
0.000084
0.000115
0.000033
0.000009
0.003109
0.000666
0.000112
0.000062
0.000002
0.000119
0.000004
0.000574
0.001181
0.001827
0.000036
0.000050
0.000009
0.000024
0.000031
0.000016
0.000019
0.000052
0.000012
0.000031
0.000020
0.000026
0.000070
0.000015
0.000647
0.000249
0.000080
0.000043
0.000026
0.000013
0.000005
0.000021
0.001149
0.000026
0.000017
0.000037
0.000038
0.000266
0.000111
0.000007
0.000013
0.000055
0.000007
0.000012
0.000008
0.000003
0.000042
0.000004
0.000007
0.000001
0.000001
0.000404
0.000252
0.000026
0.000018
0.000015
0.000135
0.000002
0.000129
0.000100
0.000033
0.000078
0.000012
0.000425
0.000113
0.000431
0.003690
0.000168
0.000034
0.000292
0.000115
0.000861
0.000077
0.000003
0.000903
0.000079
0.000014
0.000720
0.000121
0.000701
0.000079
0.000017
0.001238
0.000167
0.000001
0.000018
0.000775
0.000601
0.000105
0.000009
0.000003
0.000014
0.000319
0.000187
0.000054
0.000025
0.000051
0.000474
0.000015
0.000041
0.000003
0.000014
0.000106
0.000010
0.000003
0.000005
0.000015
0.000008
0.000350
0.000039
0.000042
0.000030
0.000049
0.001160
0.000198
0.000650
0.000028
0.000007
0.000002
0.000010
0.000005
0.000008
0.000001
0.000001
0.000006
0.000123
0.000005
0.000002
0.000005
0.000019
0.000017
0.000171
0.000008
0.000009
0.000089
0.000154
0.000020
0.000031
0.000010
0.000301
0.000005
0.000036
0.000079
0.000508
0.000026
0.000008
0.000003
0.000003
0.000003
0.000018
0.000003
0.000005
0.000001
0.000052
0.000002
0.000010
0.000084
0.000093
0.000015
0.000508
0.001771
0.000353
0.000606
0.000014
0.000007
0.000002
0.000006
0.000716
0.000081
0.000213
0.000920
0.000023
0.000046
0.000160
0.000301
0.000047
0.000016
0.000315
0.000059
0.000065
0.000035
0.000108
0.000909
0.000142
0.000472
0.000108
0.000039
0.000137
0.000113
0.000073
0.000137
0.000084
0.000357
0.000012
0.000027
0.000019
0.000053
0.000007
0.000015
0.000132
0.000042
0.000043
0.000004
0.000099
0.000367
0.000016
0.000003
0.000009
0.000007
0.000027
0.000006
0.000013
0.000019
0.000077
0.000407
0.000156
0.000012
0.000443
0.000163
0.000275
0.000301
0.000820
0.002735
0.000308
0.000056
0.000183
0.000656
0.000063
0.000106
0.000040
0.000022
0.000010
0.000087
0.000159
0.008577
0.000017
0.000045
0.000315
0.000190
0.000028
0.000012
0.003228
0.000026
0.000116
0.000043
0.000038
0.002437
0.000009
0.002712
0.000089
0.000653
0.000135
0.000204
0.000209
0.000009
0.000049
0.000635
0.000158
0.000158
0.000117
0.002200
0.000005
0.000726
0.000265
0.000770
0.000064
0.000073
0.000255
0.000012
0.000018
0.000275
0.000168
0.000516
0.000002
0.000742
0.000090
0.000630
0.001410
0.000008
0.000263
0.000154
0.000712
0.000032
0.000017
0.000109
0.000094
0.000651
0.000015
0.008709
0.000015
0.007150
0.000035
0.002008
0.000427
0.000171
0.001902
0.000008
0.000026
0.037648
0.001745
0.000254
0.000052
0.000061
0.000031
0.000552
0.000100
0.000025
0.001052
0.000323
0.000296
0.000034
0.000137
0.000007
0.000025
0.000550
0.000007
0.000036
0.000029
0.000243
0.000075
0.000007
0.000036
0.000002
0.000285
0.000069
0.000063
0.000171
0.000012
0.000032
0.000041
0.000183
0.001195
0.000155
0.001006
0.004549
0.002511
0.000060
0.000070
0.000017
0.000011
0.000018
0.000052
0.000016
0.000051
0.002727
0.010321
0.000007
0.007315
0.000009
0.000131
0.000024
0.000108
0.000050
0.002356
0.000322
0.000021
0.000008
0.000029
0.001427
0.000028
0.000030
0.000043
0.000002
0.000180
0.001677
0.000030
0.000018
0.000160
0.000154
0.000008
0.000339
0.000051
0.001978
0.001948
0.009982
0.000013
0.000013
0.000001
0.000030
0.000096
0.000090
0.000110
0.000024
0.000022
0.000013
0.000158
0.000037
0.000052
0.000100
0.000359
0.000027
0.000142
0.000003
0.000168
0.000032
0.000053
0.001560
0.000010
0.000022
0.009418
0.000006
0.003912
0.000006
0.000318
0.000013
0.000007
0.003659
0.000026
0.000059
0.000020
0.000220
0.000029
0.000046
0.000155
0.000071
0.000027
0.000151
0.002014
0.001471
0.000007
0.000228
0.000023
0.000019
0.000006
0.000013
0.000057
0.000174
0.000043
0.000294
0.000328
0.000101
0.000047
0.000014
0.008080
0.000101
0.000210
0.000255
0.000198
0.000040
0.000026
0.000211
0.000003
0.000166
0.000115
0.007221
0.000033
0.000274
0.000939
0.000963
0.000132
0.000067
0.001193
0.000005
0.000012
0.000027
0.000120
0.000039
0.000081
0.000026
0.000066
0.000181
0.000965
0.001243
0.000086
0.000015
0.000054
0.000501
0.000481
0.001022
0.000044
0.002064
0.000039
0.035954
0.000344
0.000008
0.000026
0.001219
0.000007
0.000047
0.000217
0.000032
0.000065
0.001247
0.000106
0.000213
0.000042
0.011772
0.000062
0.006414
0.000053
0.000020
0.000088
0.000031
0.000040
0.000095
0.000367
0.000645
0.000042
0.001287
0.000253
0.000006
0.000374
0.000969
0.000181
0.000018
0.001474
0.000161
0.000395
0.000078
0.005413
0.000009
0.000006
0.000009
0.000584
0.000040
0.000496
0.000014
0.000042
0.000010
0.000057
0.022774
0.000193
0.000036
0.000066
0.000207
0.000704
0.000035
0.000013
0.000184
0.002900
0.000312
0.000046
0.000154
0.001367
0.000052
0.000014
0.000244
0.000068
0.000096
0.001593
0.000125
0.001500
0.000090
0.000077
0.000233
0.000275
0.000025
0.000029
0.117508
0.000437
0.003732
0.002844
0.002113
0.000011
0.013455
0.000010
0.001356
0.004679
0.000381
0.001404
0.001809
0.000017
0.000073
0.000042
0.000105
0.000034
0.000023
0.000088
0.001721
0.000121
0.000043
0.000212
0.000045
0.003571
0.001562
0.000236
0.000691
0.000066
0.000382
0.000378
0.000068
0.000029
0.000143
0.000220
0.000438
0.003134
0.000014
0.000055
0.000041
0.000035
0.000084
0.000004
0.000099
0.000021
0.000262
0.000023
0.000053
0.000585
0.000116
0.000027
0.000046
0.000098
0.000604
0.000115
0.000019
0.000007
0.000009
0.000077
0.000008
0.000007
0.000005
0.000096
0.000181
0.000036
0.001012
0.000192
0.014449
0.000012
0.000006
0.000046
0.000018
0.000297
0.006011
0.000770
0.000017
0.001784
0.000254
0.000003
0.000013
0.000010
0.001833
0.000131
0.000100
0.000420
0.049101
0.000181
0.003098
0.000814
0.000720
0.000002
0.002622
0.000712
0.000567
0.000176
0.000092
0.000456
0.000013
0.007176
0.000046
0.000089
0.000003
0.004513
0.000099
0.000052
0.000002
0.000012
0.000381
0.001031
0.000021
0.000039
0.000100
0.000084
0.000955
0.000526
0.000061
0.002279
0.000781
0.000451
0.000004
0.000049
0.000331
0.000418
0.000211
0.000156
0.001067
0.000211
0.000057
0.000071
0.013622
0.001104
0.000038
0.000031
0.000004
0.000011
0.000291
0.000018
0.000004
0.000004
0.000193
0.000013
0.001942
0.000225
0.000033
0.000019
0.000210
0.000017
0.000013
0.000128
0.000136
0.000013
0.000175
0.000007
0.000006
0.000004
0.000004
0.000969
0.000090
0.000007
0.001656
0.000015
0.000014
0.000267
0.004290
0.000581
0.000055
0.000013
0.000007
0.000083
0.000033
0.003601
0.000432
0.000121
0.000025
0.000028
0.002317
0.000760
0.001939
0.002067
0.005417
0.000821
0.000619
0.000171
0.000141
0.000161
0.000063
0.000217
0.000016
0.000386
0.008438
0.000203
0.000075
0.000083
0.000147
0.000052
0.000054
0.000009
0.000093
0.000082
0.000017
0.000052
0.000210
0.000007
0.000017
0.000003
0.000066
0.000009
0.000019
0.000045
0.000142
0.000007
0.000101
0.000159
0.000011
0.000003
0.000004
0.000104
0.000085
0.000024
0.000005
0.000068
0.000100
0.000032
0.000008
0.000082
0.000021
0.000010
0.000579
0.000456
0.000012
0.000102
0.000118
0.000016
0.000062
0.000079
0.000024
0.000017
0.000019
0.000026
0.000003
0.000059
0.000524
0.000001
0.000007
0.000002
0.000017
0.000113
0.000217
0.001002
0.000715
0.000037
0.009898
0.000012
0.000505
0.000029
0.000035
0.000016
0.000298
0.000024
0.000021
0.000024
0.000062
0.000305
0.007728
0.000005
0.000019
0.000008
0.000443
0.000132
0.000009
0.000005
0.000021
0.000040
0.000003
0.000007
0.000124
0.000152
0.000029
0.000055
0.003011
