0.000000
0.000004
0.000000
0.000000
0.000000
0.000000
0.000000
0.000000
0.000000
0.000000
0.000000
0.000000
0.000005
0.000001
0.000004
0.000000
0.000000
0.000001
0.000000
0.000001
0.000000
0.000000
0.000000
0.000000
0.000000
0.000000
0.000000
0.000000
0.000000
0.000002
0.000000
0.000000
0.000000
0.000000
0.000000
0.000000
0.000000
0.000000
0.000000
0.000000
0.000000
0.000000
0.000000
0.000000
0.000000
0.000000
0.000000
0.000000
0.000000
0.000000
0.000000
0.000000
0.000000
0.000000
0.000000
0.000000
0.000000
0.000000
0.000000
0.000000
0.000000
0.000000
0.000000
0.000000
0.000000
0.000000
0.000000
0.000000
0.000000
0.000000
0.000000
0.000000
0.000000
0.000000
0.000000
0.000000
0.000000
0.000000
0.000000
0.000000
0.000000
0.000000
0.000000
0.000000
0.000000
0.000001
0.000000
0.000000
0.000000
0.000000
0.000000
0.000000
0.000000
0.000000
0.000001
0.000000
0.000000
0.000000
0.000000
0.000000
0.000000
0.000000
0.000001
0.000000
0.000000
0.000000
0.000000
0.000000
0.000000
0.000000
0.000000
0.000000
0.000000
0.000000
0.000000
0.000000
0.000000
0.000000
0.000000
0.000000
0.000000
0.000000
0.000000
0.000000
0.000000
0.000000
0.000000
0.000000
0.000000
0.000000
0.000000
0.000000
0.000000
0.000000
0.000000
0.000000
0.000000
0.000000
0.000000
0.000000
0.000000
0.000000
0.000000
0.000000
0.000000
0.000000
0.000000
0.000000
0.000000
0.000000
0.000000
0.000000
0.000000
0.000000
0.000000
0.000000
0.000000
0.000000
0.000000
0.000000
0.000000
0.000000
0.000000
0.000000
0.000000
0.000000
0.000000
0.000000
0.000000
0.000000
0.000000
0.000000
0.000000
0.000000
0.000000
0.000000
0.000000
0.000000
0.000000
0.000000
0.000000
0.000000
0.000000
0.000000
0.000000
0.000002
0.000001
0.000001
0.000000
0.000001
0.000000
0.000001
0.000001
0.000000
0.000000
0.000000
0.000000
0.000000
0.000000
0.000000
0.000000
0.000000
0.000000
0.000001
0.000000
0.000000
0.000000
0.000000
0.000000
0.000000
0.000000
0.000000
0.000000
0.000000
0.000000
0.000000
0.000000
0.000000
0.000000
0.000000
0.000000
0.000000
0.000000
0.000000
0.000000
0.000000
0.000000
0.000000
0.000000
0.000000
0.000000
0.000000
0.000000
0.000000
0.000000
0.000000
0.000000
0.000000
0.000000
0.000000
0.000000
0.000000
0.000000
0.000000
0.000000
0.000000
0.000000
0.000000
0.000000
0.000000
0.000000
0.000000
0.000000
0.000000
0.000001
0.000000
0.000000
0.000000
0.000001
0.000001
0.000002
0.000000
0.000000
0.000000
0.000000
0.000001
0.000000
0.000000
0.000000
0.000000
0.000000
0.000000
0.000000
0.000000
0.000000
0.000000
0.000000
0.000000
0.000000
0.000000
0.000000
0.000000
0.000000
0.000001
0.000000
0.000000
0.000000
0.000000
0.000000
0.000000
0.000000
0.000000
0.000000
0.000000
0.000000
0.000000
0.000000
0.000000
0.000000
0.000000
0.000000
0.000000
0.000000
0.000000
0.000000
0.000000
0.000000
0.000000
0.000000
0.000000
0.000000
0.000000
0.000000
0.000000
0.000000
0.000000
0.000000
0.000000
0.000000
0.000000
0.000000
0.000000
0.000000
0.000000
0.000000
0.000000
0.000000
0.000000
0.000000
0.000000
0.000000
0.000000
0.000000
0.000008
0.000001
0.000000
0.000000
0.000002
0.000006
0.000000
0.000000
0.000000
0.000000
0.000000
0.000000
0.000000
0.000000
0.000000
0.000000
0.000000
0.000000
0.000000
0.000000
0.000000
0.000000
0.000000
0.000000
0.000000
0.000000
0.000000
0.000000
0.000000
0.000000
0.000000
0.000000
0.000000
0.000000
0.000000
0.000000
0.000000
0.000000
0.000000
0.000000
0.000000
0.000000
0.000000
0.000000
0.000000
0.000000
0.000000
0.000000
0.000000
0.000000
0.000000
0.000000
0.000000
0.000000
0.000000
0.000000
0.000000
0.000000
0.000000
0.000002
0.000000
0.000000
0.000000
0.000000
0.000000
0.000009
0.000000
0.000000
0.000001
0.000000
0.000000
0.000001
0.000000
0.000000
0.000002
0.000000
0.000012
0.000002
0.000000
0.000105
0.000000
0.000002
0.000001
0.000000
0.000000
0.000001
0.000000
0.000000
0.000000
0.000000
0.000000
0.000002
0.000000
0.000001
0.000004
0.000001
0.000000
0.000000
0.000007
0.000000
0.000000
0.000001
0.000058
0.000001
0.000000
0.000002
0.000012
0.000000
0.000000
0.000000
0.000000
0.000000
0.000000
0.000013
0.000000
0.000002
0.000000
0.000000
0.000000
0.000001
0.000019
0.000000
0.000000
0.000000
0.000000
0.000001
0.000000
0.000000
0.000001
0.000000
0.000004
0.000005
0.000000
0.000000
0.000000
0.000000
0.000006
0.000002
0.000000
0.000000
0.000000
0.000000
0.000002
0.000000
0.000002
0.000004
0.000000
0.000055
0.000010
0.000007
0.000000
0.000000
0.000007
0.000000
0.000008
0.000000
0.000000
0.000000
0.000000
0.000510
0.000210
0.000004
0.000016
0.000000
0.000000
0.000002
0.000000
0.000000
0.000000
0.000000
0.000000
0.000002
0.000001
0.000000
0.000008
0.000097
0.000000
0.000000
0.000000
0.000000
0.000000
0.000000
0.000001
0.000015
0.000000
0.000001
0.000049
0.000003
0.000002
0.000000
0.000000
0.000000
0.000000
0.000188
0.021168
0.000000
0.000000
0.000067
0.000013
0.000000
0.000000
0.000037
0.000000
0.000000
0.000000
0.000000
0.000085
0.000000
0.000001
0.000000
0.000004
0.000000
0.000026
0.000000
0.000000
0.000217
0.000000
0.000002
0.000003
0.000000
0.000054
0.000000
0.000000
0.000867
0.000001
0.000000
0.000003
0.000000
0.000000
0.000000
0.000000
0.000001
0.000000
0.000000
0.000000
0.000000
0.000001
0.000000
0.000000
0.000001
0.000000
0.000002
0.000000
0.000000
0.000004
0.000000
0.000001
0.000000
0.000003
0.000000
0.000002
0.000000
0.000000
0.000000
0.000000
0.000026
0.000000
0.000187
0.000000
0.000013
0.000000
0.000000
0.000000
0.000000
0.000000
0.000201
0.000017
0.000000
0.000000
0.000000
0.000000
0.000000
0.000165
0.000002
0.000000
0.000000
0.000000
0.000000
0.000000
0.000000
0.000122
0.000000
0.000000
0.000000
0.000000
0.000001
0.000003
0.003850
0.000000
0.000000
0.000002
0.000000
0.000000
0.000001
0.000000
0.000000
0.000000
0.000000
0.000000
0.000789
0.000000
0.000000
0.000000
0.000018
0.000018
0.000000
0.000000
0.000000
0.000000
0.000000
0.000000
0.000013
0.000000
0.000000
0.000000
0.000372
0.000000
0.000005
0.006757
0.000000
0.000000
0.000020
0.000000
0.000001
0.000000
0.000000
0.000003
0.000005
0.000000
0.000285
0.000000
0.156537
0.000000
0.000000
0.000005
0.000000
0.000000
0.000000
0.000000
0.000001
0.000076
0.000002
0.000094
0.000000
0.000001
0.000002
0.000000
0.000000
0.003352
0.000000
0.000000
0.000000
0.000000
0.000000
0.000000
0.005475
0.000000
0.000000
0.000000
0.000005
0.000000
0.000000
0.000000
0.000000
0.000000
0.000000
0.000000
0.000011
0.000000
0.000002
0.000001
0.000002
0.000000
0.000001
0.000004
0.000014
0.000017
0.000022
0.000002
0.000001
0.000046
0.000000
0.000000
0.000000
0.000000
0.000000
0.000002
0.000001
0.000004
0.000004
0.000000
0.000000
0.000002
0.000000
0.000000
0.000001
0.000018
0.000000
0.000001
0.000026
0.000000
0.000001
0.000000
0.000011
0.000000
0.000001
0.000003
0.000000
0.000001
0.000126
0.000000
0.000000
0.000169
0.000000
0.000001
0.000003
0.000001
0.000000
0.000000
0.000000
0.000600
0.000378
0.000000
0.000023
0.000011
0.000001
0.000001
0.000018
0.000001
0.000000
0.000000
0.000000
0.000001
0.005031
0.000001
0.000000
0.000001
0.000000
0.000838
0.000000
0.000000
0.000000
0.000000
0.000000
0.000000
0.000048
0.000001
0.000000
0.000002
0.699916
0.000003
0.000001
0.000004
0.000001
0.000000
0.000000
0.000001
0.000008
0.000003
0.000000
0.000000
0.000005
0.000000
0.000000
0.000001
0.000000
0.000004
0.000006
0.000000
0.000000
0.000000
0.000021
0.000000
0.000000
0.000019
0.000000
0.000000
0.000031
0.005704
0.000000
0.000000
0.000000
0.000001
0.000000
0.000000
0.000013
0.000001
0.000000
0.000000
0.000001
0.000000
0.000000
0.000000
0.000001
0.002149
0.000003
0.000001
0.000005
0.000003
0.000000
0.000000
0.000000
0.000000
0.000000
0.000000
0.000000
0.000000
0.000000
0.000000
0.000000
0.000000
0.000011
0.000000
0.000007
0.000000
0.000011
0.000000
0.000001
0.080987
0.000003
0.000000
0.000008
0.000002
0.000000
0.000001
0.000000
0.000451
0.000000
0.000005
0.000000
0.000000
0.000000
0.000000
0.000000
0.000000
0.000012
0.000000
0.000000
0.000000
0.000000
0.000000
0.000000
0.000000
0.000062
0.000000
0.000003
0.000001
0.000000
0.000007
0.000001
0.000004
0.000000
0.000000
0.000004
0.000000
0.000000
0.000000
0.000000
0.000007
0.000001
0.000010
0.000022
0.000000
0.000013
0.000025
0.000003
0.000005
0.000000
0.000000
0.000000
0.000000
0.000278
0.000027
0.000000
0.000000
0.000000
0.000000
0.000000
0.000000
0.000000
0.000000
0.000000
0.000000
0.000079
0.000000
0.000000
0.000000
0.000002
0.000001
0.000001
0.000000
0.000000
0.000000
0.000000
0.000000
0.000000
0.000000
0.000000
0.000000
0.000000
0.000000
0.000000
0.000000
0.000000
0.000000
0.000000
0.000000
0.000000
0.000000
0.000000
0.000000
0.000000
0.000000
0.000000
0.000000
0.000000
0.000000
0.000000
0.000000
0.000000
0.000000
0.000000
0.000000
0.000000
0.000000
0.000000
0.000000
0.000000
0.000000
0.000003
0.000000
0.000000
0.000000
0.000000
0.000002
0.000001
0.000000
0.000000
0.000001
0.000000
0.000000
0.000000
0.000000
0.000000
0.000000
0.000000
0.000000
0.000000
0.000000
0.000000
0.000000
0.000000
0.000000
0.000000
0.000000
0.000000
0.000000
0.000000
0.000000
0.000000
0.000000
0.000000
0.000000
0.000000
0.000000
0.000000
0.000002
