0.000003
0.000003
0.000012
0.000006
0.000004
0.000011
0.000006
0.000002
0.000003
0.000003
0.000003
0.000001
0.000012
0.000008
0.000006
0.000014
0.000002
0.000016
0.000017
0.000007
0.000001
0.000008
0.000060
0.000020
0.000002
0.000012
0.000005
0.000002
0.000013
0.000007
0.000002
0.000002
0.000003
0.000007
0.000023
0.000002
0.000005
0.000003
0.000001
0.000001
0.000003
0.000001
0.000001
0.000000
0.000000
0.000017
0.000003
0.000001
0.000001
0.000002
0.000002
0.000012
0.000001
0.000005
0.000002
0.000002
0.000001
0.000001
0.000012
0.000001
0.000012
0.000002
0.000004
0.000001
0.000001
0.000007
0.000000
0.000001
0.000001
0.000006
0.000001
0.000003
0.000001
0.000052
0.000011
0.000055
0.000032
0.000013
0.000004
0.000034
0.000015
0.000000
0.000003
0.000002
0.000016
0.000015
0.000004
0.000019
0.000001
0.000007
0.000001
0.000003
0.000002
0.000001
0.000004
0.000002
0.000002
0.000001
0.000002
0.000004
0.000003
0.000017
0.000051
0.000064
0.000002
0.000003
0.000006
0.000029
0.000005
0.000004
0.000008
0.000022
0.000007
0.000003
0.000006
0.000007
0.000002
0.000001
0.000037
0.000002
0.000001
0.000020
0.000004
0.000023
0.000017
0.000003
0.000016
0.000003
0.000001
0.000001
0.000001
0.000001
0.000004
0.000001
0.000007
0.000004
0.000000
0.000009
0.000000
0.000002
0.000001
0.000001
0.000000
0.000002
0.000003
0.000025
0.000002
0.000020
0.000009
0.000022
0.000039
0.000009
0.000002
0.000002
0.000023
0.000028
0.000012
0.000009
0.000003
0.000002
0.000002
0.000017
0.000017
0.000011
0.000004
0.000022
0.000001
0.000002
0.000005
0.000004
0.000010
0.000001
0.000001
0.000001
0.000007
0.000006
0.000000
0.000011
0.000002
0.000011
0.000004
0.000001
0.000062
0.000010
0.000021
0.000041
0.000008
0.000035
0.000006
0.000007
0.000002
0.000059
0.000061
0.000037
0.000018
0.000004
0.000009
0.000012
0.000006
0.000021
0.000010
0.000014
0.000035
0.000118
0.000014
0.000023
0.000004
0.000008
0.000025
0.000020
0.000000
0.000003
0.000004
0.000032
0.000052
0.000005
0.000003
0.000004
0.000006
0.000005
0.000007
0.000023
0.000004
0.000039
0.000122
0.000005
0.000029
0.000008
0.000008
0.000008
0.000014
0.000019
0.000033
0.000072
0.000045
0.000016
0.000012
0.000034
0.000033
0.000017
0.000044
0.000019
0.000020
0.000006
0.000045
0.000009
0.000001
0.000006
0.000002
0.000017
0.000014
0.000010
0.000067
0.000003
0.000036
0.000013
0.000052
0.000012
0.000013
0.000026
0.000025
0.000014
0.000012
0.000028
0.000083
0.000078
0.000004
0.000007
0.000001
0.000012
0.000003
0.000004
0.000016
0.000006
0.000005
0.000004
0.000018
0.000012
0.000001
0.000003
0.000007
0.000015
0.000008
0.000087
0.000020
0.000006
0.000002
0.000001
0.000004
0.000001
0.000004
0.000007
0.000002
0.000001
0.000027
0.000043
0.000031
0.000005
0.000002
0.000003
0.000002
0.000006
0.000012
0.000004
0.000001
0.000011
0.000024
0.000001
0.000004
0.000009
0.000012
0.000002
0.000003
0.000016
0.000062
0.000001
0.000014
0.000002
0.000002
0.000004
0.000009
0.000007
0.000001
0.000001
0.000001
0.000000
0.000001
0.000000
0.000015
0.000029
0.000010
0.000004
0.000002
0.000019
0.000059
0.000013
0.000003
0.000111
0.000016
0.000003
0.000003
0.000009
0.000016
0.000003
0.000007
0.000035
0.000017
0.001716
0.000014
0.000022
0.000005
0.000000
0.000000
0.000001
0.000007
0.000041
0.000004
0.000018
0.000008
0.000006
0.000008
0.000024
0.000014
0.000009
0.000008
0.000011
0.000003
0.000003
0.000001
0.000001
0.000001
0.000001
0.000005
0.000004
0.000010
0.000003
0.000002
0.000001
0.000002
0.000042
0.000008
0.000002
0.000004
0.000005
0.000002
0.000023
0.000014
0.000025
0.000003
0.000002
0.000011
0.000015
0.000006
0.000004
0.000012
0.000012
0.000007
0.000005
0.000106
0.000033
0.000041
0.000104
0.000025
0.001373
0.000604
0.000234
0.000026
0.000758
0.000273
0.000252
0.000145
0.000001
0.000407
0.000046
0.000011
0.000569
0.000016
0.000074
0.000132
0.000004
0.000028
0.000771
0.000030
0.000035
0.000065
0.000231
0.000017
0.000377
0.000024
0.000002
0.000003
0.000011
0.000056
0.000002
0.000005
0.000597
0.004025
0.000016
0.000004
0.000016
0.000006
0.000010
0.000274
0.000001
0.000049
0.000001
0.000268
0.000113
0.000021
0.000053
0.000337
0.000002
0.000000
0.000130
0.000083
0.000012
0.000206
0.000004
0.000040
0.000001
0.000063
0.000012
0.000015
0.000025
0.000037
0.000005
0.000968
0.000037
0.001955
0.000115
0.000009
0.000042
0.000061
0.000068
0.000001
0.011504
0.000034
0.000353
0.000050
0.001025
0.004002
0.000288
0.004154
0.000013
0.000006
0.046119
0.000011
0.000156
0.000029
0.000040
0.000003
0.000010
0.005185
0.000980
0.000147
0.000083
0.000000
0.000112
0.009548
0.000004
0.000006
0.000009
0.000001
0.000003
0.000074
0.000186
0.000126
0.000326
0.001033
0.000015
0.000082
0.003563
0.000027
0.000018
0.000001
0.000143
0.000009
0.000029
0.000176
0.000191
0.000006
0.000467
0.000012
0.000084
0.000002
0.000027
0.000316
0.006531
0.000029
0.000001
0.000601
0.000147
0.000035
0.000006
0.000822
0.000006
0.000107
0.000039
0.000345
0.000319
0.000006
0.000049
0.000027
0.000035
0.000058
0.000145
0.000050
0.000564
0.000947
0.000015
0.000073
0.000014
0.000005
0.002904
0.000004
0.000641
0.000875
0.000217
0.000257
0.000077
0.000010
0.000363
0.000030
0.000517
0.000027
0.001200
0.000003
0.000156
0.000007
0.008438
0.000016
0.000346
0.000004
0.000041
0.000005
0.000351
0.000024
0.000045
0.000003
0.005830
0.000037
0.022114
0.000102
0.000301
0.000024
0.000037
0.000451
0.000032
0.000005
0.000032
0.000127
0.000008
0.001184
0.001135
0.000008
0.000031
0.000004
0.000004
0.009327
0.000043
0.000056
0.000006
0.000029
0.000050
0.000011
0.000779
0.000021
0.000015
0.000023
0.001337
0.000016
0.000042
0.000113
0.000507
0.000003
0.000010
0.000003
0.000055
0.000044
0.000026
0.008888
0.000018
0.000038
0.000104
0.000047
0.000068
0.000106
0.310883
0.000048
0.000006
0.000016
0.000004
0.010749
0.000061
0.000113
0.000053
0.000252
0.002428
0.000003
0.000001
0.000022
0.000004
0.000306
0.000001
0.000016
0.000009
0.000600
0.000005
0.000024
0.000008
0.000118
0.013243
0.000082
0.000053
0.003561
0.000008
0.018718
0.000338
0.000001
0.000014
0.001910
0.001260
0.006633
0.000021
0.004147
0.000043
0.000004
0.000153
0.000065
0.000009
0.000035
0.000023
0.000036
0.000171
0.000122
0.007521
0.000007
0.000020
0.000016
0.000002
0.000002
0.005801
0.000089
0.000013
0.000007
0.000365
0.000017
0.000160
0.000974
0.000001
0.000035
0.000040
0.000007
0.000005
0.000039
0.000016
0.000013
0.000001
0.000017
0.000020
0.000139
0.000007
0.000048
0.000728
0.000885
0.002652
0.000267
0.000036
0.000024
0.000311
0.000036
0.000024
0.000044
0.006672
0.000002
0.000002
0.000111
0.009380
0.000204
0.000006
0.000007
0.000025
0.000065
0.000001
0.000008
0.000009
0.000009
0.001750
0.000034
0.000192
0.000015
0.000031
0.001460
0.000099
0.004678
0.000006
0.002108
0.000022
0.000013
0.000004
0.000020
0.000021
0.040954
0.000026
0.000504
0.030263
0.000005
0.000013
0.000051
0.000020
0.000038
0.000526
0.000034
0.001313
0.073515
0.000055
0.000194
0.012987
0.000043
0.000221
0.000736
0.000055
0.000058
0.000013
0.000089
0.000023
0.093860
0.000015
0.000015
0.000015
0.000005
0.001107
0.000091
0.000017
0.000000
0.000006
0.000077
0.000109
0.000056
0.000652
0.000030
0.000140
0.001589
0.000056
0.000061
0.000756
0.000032
0.000006
0.000027
0.000019
0.000003
0.000040
0.000019
0.000002
0.000060
0.000037
0.000006
0.000030
0.000023
0.000876
0.000044
0.000005
0.000079
0.000413
0.000041
0.000026
0.000001
0.001262
0.000003
0.000011
0.000458
0.001550
0.000281
0.000115
0.000087
0.000103
0.000001
0.000582
0.002466
0.000590
0.000285
0.000104
0.000253
0.000109
0.000008
0.000003
0.000025
0.019130
0.000028
0.001210
0.001183
0.000177
0.000017
0.000272
0.000040
0.000051
0.000112
0.000070
0.000007
0.000628
0.000015
0.000005
0.000004
0.000009
0.000057
0.000150
0.000017
0.000052
0.002610
0.000005
0.000015
0.002053
0.000059
0.000052
0.000655
0.000010
0.000045
0.000006
0.000046
0.006939
0.000108
0.000043
0.000152
0.000023
0.002071
0.000022
0.000020
0.043354
0.000146
0.000012
0.000018
0.000004
0.000733
0.000198
0.000207
0.000413
0.000782
0.000100
0.000190
0.000303
0.000184
0.005744
0.000100
0.000026
0.000260
0.000024
0.000043
0.000004
0.000491
0.000037
0.000002
0.002678
0.000144
0.000109
0.000217
0.000703
0.000159
0.000914
0.000101
0.000023
0.000132
0.000001
0.000026
0.000012
0.000453
0.000083
0.000005
0.000075
0.003213
0.000303
0.000003
0.000005
0.000022
0.000449
0.000006
0.000066
0.000144
0.000004
0.000002
0.000035
0.007074
0.000047
0.000031
0.000005
0.000002
0.000003
0.000008
0.000002
0.000003
0.000005
0.000008
0.000017
0.000012
0.000003
0.000002
0.000003
0.000004
0.000007
0.000010
0.000003
0.000001
0.000003
0.000001
0.000002
0.000003
0.000001
0.000005
0.000001
0.000004
0.000001
0.000015
0.000002
0.000003
0.000009
0.000005
0.000001
0.000000
0.000001
0.000055
0.000002
0.000037
0.000005
0.000247
0.000008
0.000014
0.000009
0.000022
0.000006
0.000015
0.000000
0.000043
0.000826
0.000019
0.000032
0.000010
0.000070
0.000109
0.000130
0.000103
0.000010
0.000170
0.000016
0.000039
0.000037
0.000004
0.000007
0.000000
0.000018
0.000004
0.000001
0.000003
0.000001
0.000001
0.000000
0.000001
0.000002
0.000002
0.000001
0.000010
0.000011
