0.000000
0.000001
0.000003
0.000003
0.000003
0.000000
0.000000
0.000000
0.000000
0.000000
0.000000
0.000000
0.000000
0.000000
0.000000
0.000000
0.000000
0.000000
0.000000
0.000000
0.000000
0.000000
0.000000
0.000000
0.000000
0.000000
0.000000
0.000000
0.000000
0.000002
0.000000
0.000000
0.000000
0.000000
0.000000
0.000000
0.000001
0.000000
0.000000
0.000000
0.000002
0.000000
0.000000
0.000000
0.000000
0.000000
0.000001
0.000000
0.000000
0.000000
0.000000
0.000001
0.000000
0.000000
0.000000
0.000000
0.000000
0.000000
0.000000
0.000000
0.000000
0.000000
0.000000
0.000000
0.000000
0.000000
0.000000
0.000000
0.000000
0.000002
0.000000
0.000000
0.000000
0.000001
0.000000
0.000002
0.000001
0.000000
0.000000
0.000001
0.000000
0.000000
0.000000
0.000000
0.000000
0.000000
0.000000
0.000002
0.000000
0.000000
0.000000
0.000000
0.000000
0.000000
0.000001
0.000000
0.000000
0.000000
0.000000
0.000000
0.000000
0.000000
0.000000
0.000001
0.000000
0.000000
0.000000
0.000006
0.000002
0.000000
0.000000
0.000002
0.000000
0.000000
0.000000
0.000000
0.000000
0.000000
0.000000
0.000000
0.000000
0.000000
0.000000
0.000000
0.000000
0.000000
0.000009
0.000000
0.000000
0.000000
0.000000
0.000000
0.000000
0.000000
0.000001
0.000000
0.000000
0.000000
0.000000
0.000000
0.000000
0.000000
0.000000
0.000000
0.000000
0.000001
0.000000
0.000000
0.000001
0.000005
0.000001
0.000001
0.000000
0.000001
0.000000
0.000000
0.000000
0.000000
0.000000
0.000000
0.000000
0.000001
0.000000
0.000000
0.000000
0.000001
0.000000
0.000000
0.000000
0.000000
0.000000
0.000000
0.000001
0.000000
0.000001
0.000000
0.000000
0.000000
0.000000
0.000001
0.000001
0.000001
0.000001
0.000000
0.000000
0.000001
0.000002
0.000001
0.000001
0.000001
0.000000
0.000001
0.000010
0.000001
0.000001
0.000000
0.000001
0.000000
0.000000
0.000004
0.000000
0.000000
0.000001
0.000009
0.000001
0.000001
0.000000
0.000000
0.000001
0.000001
0.000000
0.000000
0.000000
0.000000
0.000000
0.000000
0.000000
0.000000
0.000000
0.000000
0.000000
0.000000
0.000000
0.000005
0.000006
0.000000
0.000001
0.000002
0.000000
0.000000
0.000000
0.000001
0.000002
0.000001
0.000000
0.000002
0.000000
0.000003
0.000001
0.000000
0.000000
0.000000
0.000001
0.000000
0.000000
0.000001
0.000000
0.000000
0.000001
0.000000
0.000002
0.000001
0.000011
0.000001
0.000002
0.000000
0.000001
0.000001
0.000002
0.000000
0.000000
0.000000
0.000000
0.000000
0.000002
0.000001
0.000001
0.000000
0.000000
0.000000
0.000001
0.000000
0.000000
0.000001
0.000000
0.000000
0.000000
0.000000
0.000000
0.000000
0.000000
0.000001
0.000001
0.000001
0.000001
0.000001
0.000000
0.000000
0.000000
0.000000
0.000000
0.000000
0.000000
0.000000
0.000000
0.000000
0.000000
0.000000
0.000000
0.000000
0.000000
0.000001
0.000001
0.000000
0.000000
0.000000
0.000001
0.000000
0.000000
0.000000
0.000002
0.000003
0.000001
0.000004
0.000004
0.000001
0.000000
0.000000
0.000000
0.000000
0.000000
0.000000
0.000000
0.000000
0.000001
0.000000
0.000000
0.000001
0.000001
0.000000
0.000001
0.000001
0.000005
0.000016
0.000001
0.000000
0.000000
0.000001
0.000002
0.000000
0.000000
0.000002
0.000000
0.000000
0.000000
0.000000
0.000000
0.000002
0.000000
0.000000
0.000000
0.000000
0.000000
0.000000
0.000000
0.000000
0.000000
0.000000
0.000001
0.000001
0.000000
0.000002
0.000001
0.000001
0.000000
0.000001
0.000001
0.000001
0.000000
0.000000
0.000000
0.000000
0.000001
0.000000
0.000000
0.000000
0.000000
0.000000
0.000000
0.000002
0.000001
0.000000
0.000000
0.000000
0.000000
0.000000
0.000000
0.000000
0.000000
0.000001
0.000001
0.000002
0.000004
0.000001
0.000002
0.000001
0.000001
0.000001
0.000005
0.000001
0.000001
0.000220
0.000001
0.000002
0.000020
0.000001
0.000000
0.000325
0.000021
0.000159
0.000006
0.000002
0.000190
0.000006
0.000018
0.000003
0.000001
0.000000
0.000069
0.000077
0.000001
0.000115
0.000003
0.000019
0.000009
0.000000
0.000071
0.000005
0.000007
0.000000
0.000001
0.000039
0.000001
0.000003
0.000007
0.000033
0.002441
0.000001
0.000079
0.000001
0.000005
0.000002
0.000006
0.000002
0.000000
0.000001
0.000414
0.000015
0.000024
0.000001
0.000004
0.000000
0.000002
0.000031
0.000013
0.000010
0.000003
0.000002
0.000001
0.000002
0.000000
0.000050
0.000003
0.000027
0.000054
0.000037
0.000039
0.000001
0.001852
0.000003
0.000003
0.000000
0.000013
0.000029
0.000003
0.000207
0.000001
0.000807
0.000249
0.000318
0.011122
0.001227
0.022499
0.000000
0.000006
0.025115
0.000000
0.000275
0.000000
0.000001
0.000001
0.000001
0.000210
0.000670
0.000001
0.000210
0.000001
0.000001
0.000004
0.000006
0.000000
0.000001
0.000000
0.000001
0.000009
0.000072
0.000031
0.000154
0.000267
0.000001
0.000000
0.000676
0.000003
0.000003
0.000000
0.000007
0.000054
0.000000
0.000654
0.000019
0.000015
0.000032
0.000001
0.000003
0.000028
0.000000
0.000400
0.000563
0.000532
0.000007
0.002311
0.002910
0.000004
0.000000
0.001731
0.000083
0.000002
0.000000
0.000015
0.000003
0.000000
0.000002
0.000003
0.000015
0.000002
0.002019
0.000036
0.000008
0.000004
0.000029
0.000182
0.000003
0.000001
0.001253
0.000000
0.000025
0.000006
0.000001
0.000001
0.000075
0.000075
0.000017
0.000000
0.000004
0.000002
0.000006
0.000001
0.000001
0.000000
0.000036
0.000011
0.000089
0.000003
0.000000
0.000011
0.000027
0.000001
0.000000
0.000000
0.000044
0.000001
0.002529
0.000002
0.000010
0.000004
0.000005
0.000031
0.000006
0.000016
0.000085
0.000035
0.000009
0.002447
0.000023
0.000000
0.000005
0.000005
0.000002
0.000025
0.000004
0.000009
0.000000
0.000000
0.000000
0.000002
0.001555
0.000448
0.000001
0.000001
0.000684
0.000004
0.000001
0.000000
0.000781
0.000001
0.000007
0.000000
0.000010
0.000003
0.000002
0.000765
0.000008
0.000028
0.000009
0.000006
0.000012
0.000052
0.000254
0.000012
0.000001
0.000001
0.000014
0.000410
0.000056
0.000001
0.000070
0.000058
0.000540
0.000001
0.000001
0.000001
0.000000
0.000007
0.000002
0.000044
0.000000
0.000075
0.000218
0.000013
0.000000
0.000035
0.000305
0.000020
0.000010
0.000772
0.000012
0.002313
0.000012
0.000000
0.000003
0.000223
0.000002
0.004503
0.000000
0.000036
0.000006
0.000001
0.000005
0.000001
0.000008
0.000016
0.000000
0.000002
0.000085
0.000092
0.001704
0.000007
0.000011
0.000029
0.000000
0.000032
0.000353
0.000000
0.000001
0.000003
0.001302
0.000150
0.000010
0.001568
0.000000
0.000000
0.000032
0.000114
0.000000
0.000015
0.000021
0.000011
0.000002
0.000001
0.000000
0.000025
0.000000
0.000000
0.000029
0.002999
0.000150
0.000002
0.000448
0.000007
0.000153
0.000152
0.000038
0.000030
0.673346
0.000013
0.000000
0.000005
0.000438
0.000000
0.000042
0.000012
0.000012
0.000011
0.000001
0.000000
0.000004
0.000011
0.000003
0.000016
0.000993
0.000000
0.000010
0.004081
0.000000
0.000659
0.000001
0.000003
0.000008
0.000002
0.000042
0.000076
0.000001
0.140861
0.000005
0.000009
0.011661
0.000005
0.000002
0.000019
0.000001
0.000002
0.000067
0.000004
0.000094
0.001928
0.000001
0.000029
0.001328
0.000008
0.000043
0.000551
0.000110
0.000001
0.000009
0.000001
0.000019
0.000332
0.000042
0.000006
0.000086
0.000051
0.000382
0.000010
0.000003
0.000001
0.000000
0.000000
0.000001
0.001115
0.000075
0.000000
0.000009
0.000114
0.000143
0.000186
0.000825
0.000277
0.000006
0.000005
0.000001
0.000047
0.000105
0.000002
0.000005
0.000003
0.000001
0.000002
0.000001
0.000028
0.000012
0.000305
0.000009
0.000009
0.000014
0.000043
0.000010
0.000001
0.000017
0.000000
0.000001
0.000346
0.003932
0.000011
0.000120
0.000042
0.000002
0.000000
0.000105
0.000761
0.000000
0.000000
0.000000
0.000017
0.000023
0.000001
0.000000
0.000117
0.005221
0.000024
0.000013
0.000027
0.000014
0.000000
0.000000
0.000006
0.000005
0.000003
0.000007
0.000059
0.000000
0.000017
0.000008
0.000000
0.000001
0.000778
0.000092
0.000004
0.000004
0.026512
0.000008
0.000001
0.000034
0.000002
0.000000
0.000001
0.000003
0.000021
0.000000
0.000000
0.002043
0.000003
0.000124
0.000005
0.000002
0.000080
0.000001
0.000004
0.000015
0.000023
0.000008
0.000000
0.000002
0.000008
0.000001
0.000150
0.000011
0.000021
0.000275
0.000197
0.000004
0.000002
0.000037
0.000835
0.000012
0.000008
0.000001
0.000046
0.000000
0.000000
0.000001
0.000005
0.000700
0.000006
0.000022
0.000015
0.000018
0.000032
0.001977
0.000087
0.000050
0.000000
0.000001
0.000004
0.000002
0.000013
0.000016
0.000018
0.000009
0.000041
0.000002
0.000001
0.000001
0.000000
0.000001
0.000001
0.000000
0.000038
0.000006
0.000007
0.000008
0.000004
0.000018
0.000006
0.000000
0.000000
0.000001
0.000001
0.000000
0.000000
0.000002
0.000000
0.000001
0.000001
0.000000
0.000000
0.000000
0.000001
0.000002
0.000001
0.000001
0.000000
0.000000
0.000000
0.000000
0.000000
0.000000
0.000000
0.000000
0.000000
0.000001
0.000000
0.000000
0.000000
0.000000
0.000000
0.000000
0.000000
0.000000
0.000000
0.000000
0.000001
0.000000
0.000000
0.000000
0.000000
0.000001
0.000003
0.000002
0.000003
0.000000
0.000000
0.000008
0.000000
0.000000
0.000000
0.000000
0.000000
0.000001
0.000000
0.000000
0.000000
0.000001
0.000002
0.000007
0.000000
0.000001
0.000000
0.000001
0.000000
0.000000
0.000000
0.000000
0.000000
0.000000
0.000000
0.000000
0.000000
0.000000
0.000001
0.000055
