0.000103
0.000123
0.000337
0.000243
0.000149
0.008552
0.004827
0.000002
0.000012
0.000001
0.000002
0.000003
0.000002
0.000006
0.000034
0.000001
0.000002
0.000014
0.000024
0.000006
0.000001
0.000003
0.000001
0.000014
0.000012
0.000080
0.000127
0.000062
0.001797
0.001058
0.000427
0.000017
0.000347
0.000019
0.000024
0.000005
0.000035
0.000010
0.000412
0.000003
0.000021
0.000024
0.000004
0.000006
0.000011
0.000054
0.000022
0.000018
0.000005
0.000003
0.000004
0.000154
0.000126
0.000467
0.000005
0.000101
0.000024
0.000024
0.000048
0.000027
0.000030
0.000015
0.000009
0.000032
0.000032
0.000244
0.000016
0.000008
0.000036
0.000174
0.000001
0.000206
0.000003
0.000003
0.000001
0.000137
0.000023
0.000006
0.000020
0.000046
0.000014
0.000004
0.000008
0.000015
0.000049
0.000034
0.000019
0.000015
0.000142
0.000027
0.000003
0.000001
0.000002
0.000003
0.000002
0.000000
0.000045
0.000134
0.000001
0.000027
0.000021
0.000019
0.000004
0.000040
0.000001
0.000002
0.000005
0.000823
0.000835
0.000156
0.012332
0.013454
0.000107
0.000038
0.000077
0.014745
0.000040
0.001000
0.000056
0.000024
0.000055
0.000020
0.000123
0.000020
0.000050
0.000065
0.000076
0.000001
0.000001
0.000003
0.000006
0.000004
0.000016
0.000002
0.000030
0.000008
0.000005
0.000009
0.000001
0.000007
0.000006
0.000001
0.000003
0.000008
0.000015
0.000163
0.000082
0.000040
0.000275
0.000173
0.000097
0.000031
0.000008
0.000028
0.000008
0.000006
0.000002
0.000004
0.000033
0.000003
0.000002
0.000015
0.000026
0.000010
0.000003
0.000006
0.000008
0.000003
0.000012
0.000007
0.000000
0.000009
0.000010
0.000005
0.000009
0.000000
0.000002
0.000001
0.000035
0.000023
0.000104
0.000002
0.000001
0.000004
0.000001
0.000003
0.000003
0.000005
0.000010
0.000005
0.000004
0.000009
0.000024
0.000009
0.000003
0.000034
0.000005
0.000002
0.000001
0.000011
0.000001
0.000003
0.000005
0.000031
0.000004
0.000007
0.000012
0.000004
0.000056
0.000033
0.000004
0.000003
0.000006
0.000001
0.000001
0.000002
0.000001
0.000015
0.000001
0.000002
0.000001
0.000008
0.000014
0.000160
0.000015
0.000010
0.000003
0.000005
0.000003
0.000001
0.000001
0.000039
0.000063
0.000004
0.000011
0.000013
0.000003
0.000022
0.000003
0.000001
0.000008
0.000005
0.000027
0.000022
0.000001
0.000050
0.000005
0.000002
0.000016
0.000006
0.000052
0.000192
0.000007
0.000013
0.000252
0.000001
0.000003
0.000007
0.000046
0.000041
0.000006
0.000005
0.000002
0.000009
0.000008
0.000028
0.000005
0.000004
0.000002
0.000005
0.000019
0.000002
0.000004
0.000011
0.000006
0.000002
0.000010
0.000003
0.000004
0.000008
0.000003
0.000031
0.000020
0.000027
0.000218
0.000014
0.000012
0.000002
0.000070
0.000064
0.000240
0.000006
0.000044
0.000059
0.000003
0.000004
0.000020
0.000000
0.000006
0.000003
0.000007
0.000024
0.000043
0.000019
0.000045
0.000014
0.000165
0.000008
0.000005
0.000015
0.000019
0.000002
0.000002
0.000001
0.000011
0.000004
0.000005
0.000002
0.000001
0.000010
0.000010
0.000002
0.000004
0.000001
0.000003
0.000002
0.000010
0.000295
0.000186
0.001159
0.000020
0.000017
0.000012
0.000295
0.000026
0.000002
0.000000
0.000006
0.000063
0.000006
0.000028
0.000013
0.000003
0.000004
0.000023
0.000078
0.000028
0.000015
0.000034
0.000037
0.000006
0.000000
0.000005
0.000001
0.000002
0.000015
0.000011
0.000010
0.000009
0.000012
0.000020
0.000104
0.000030
0.000004
0.000002
0.000020
0.000042
0.000050
0.000019
0.000012
0.000039
0.000019
0.000014
0.000007
0.000015
0.000029
0.000006
0.000011
0.000008
0.000068
0.000008
0.000008
0.000003
0.000009
0.000042
0.000005
0.000003
0.000004
0.000024
0.000034
0.000610
0.000070
0.021022
0.007655
0.000187
0.000014
0.000093
0.014606
0.000086
0.000015
0.000015
0.000075
0.000087
0.000013
0.000116
0.000024
0.000002
0.000049
0.000445
0.000528
0.000006
0.000149
0.000359
0.000038
0.000544
0.001234
0.000013
0.000020
0.000103
0.001135
0.000002
0.000113
0.000037
0.000026
0.000068
0.000001
0.000101
0.000280
0.000154
0.000007
0.000038
0.000063
0.000009
0.000335
0.000022
0.000250
0.000091
0.000002
0.000402
0.000006
0.000650
0.000135
0.000008
0.012144
0.000006
0.000097
0.000220
0.034363
0.000113
0.000004
0.000126
0.000097
0.000219
0.000005
0.000006
0.000834
0.000022
0.000177
0.000063
0.000201
0.000003
0.001224
0.000003
0.000343
0.007709
0.000024
0.000129
0.000007
0.000217
0.006570
0.000148
0.000080
0.000062
0.001379
0.000029
0.000911
0.000200
0.003171
0.000047
0.001649
0.000031
0.001683
0.038470
0.000007
0.000003
0.049250
0.000031
0.006701
0.000418
0.000210
0.000240
0.000004
0.000110
0.000005
0.000007
0.000026
0.000053
0.000008
0.000162
0.000009
0.000003
0.000011
0.001929
0.000021
0.005202
0.000738
0.000769
0.010161
0.000937
0.000124
0.000029
0.000404
0.000163
0.000090
0.000010
0.000144
0.000143
0.000001
0.007466
0.000002
0.000017
0.000106
0.000018
0.000008
0.003956
0.000002
0.000014
0.000109
0.012539
0.002361
0.003030
0.002775
0.000006
0.000012
0.000066
0.001517
0.000029
0.000006
0.000160
0.000127
0.000002
0.000032
0.000011
0.000253
0.000226
0.004574
0.012709
0.000028
0.000002
0.000043
0.000153
0.000142
0.000059
0.000007
0.000007
0.000026
0.000095
0.000019
0.000073
0.000035
0.003630
0.000007
0.000092
0.000021
0.000001
0.000596
0.000232
0.000466
0.000002
0.000009
0.002662
0.000023
0.000268
0.000179
0.000681
0.000021
0.000023
0.000092
0.000002
0.000004
0.000001
0.003903
0.000008
0.000004
0.000764
0.000113
0.000054
0.000040
0.000286
0.000958
0.000789
0.000133
0.001016
0.000026
0.000004
0.000006
0.000082
0.000071
0.000043
0.000493
0.003340
0.000002
0.000001
0.000001
0.000061
0.002079
0.007971
0.000426
0.000016
0.000218
0.000168
0.000748
0.000000
0.051736
0.000002
0.001631
0.000024
0.000009
0.000138
0.000029
0.000615
0.000092
0.002292
0.000045
0.000001
0.000019
0.001411
0.000023
0.000152
0.000014
0.000063
0.000381
0.034285
0.004331
0.000003
0.000432
0.005015
0.000120
0.000126
0.000406
0.000348
0.000087
0.000011
0.005223
0.000580
0.000001
0.000042
0.000410
0.000002
0.000001
0.000427
0.000040
0.000002
0.000069
0.000183
0.000011
0.000084
0.000036
0.000052
0.000352
0.000008
0.000012
0.001062
0.000001
0.000082
0.000152
0.000208
0.000037
0.000007
0.000006
0.000931
0.000011
0.000004
0.007618
0.000070
0.000008
0.001671
0.000054
0.001025
0.000079
0.001981
0.000068
0.000002
0.000022
0.038786
0.027903
0.002192
0.000009
0.010863
0.000001
0.000003
0.000949
0.000273
0.000024
0.000015
0.011065
0.000687
0.000063
0.000010
0.000066
0.000228
0.000005
0.000002
0.000159
0.000626
0.000016
0.000012
0.001123
0.000010
0.002441
0.001072
0.000115
0.002351
0.000103
0.005340
0.000048
0.000007
0.000115
0.000001
0.039618
0.000231
0.000805
0.000314
0.000035
0.000001
0.003026
0.000053
0.000187
0.000161
0.000203
0.000004
0.000078
0.001742
0.000001
0.000140
0.000053
0.000004
0.000447
0.000230
0.000834
0.000350
0.000042
0.000464
0.000003
0.000091
0.009426
0.003330
0.000008
0.007215
0.000029
0.000025
0.000512
0.000282
0.000334
0.031836
0.000002
0.000722
0.000020
0.010615
0.001005
0.000024
0.010567
0.000016
0.004074
0.000053
0.000117
0.000009
0.000214
0.000099
0.000391
0.015066
0.000082
0.001501
0.004907
0.003762
0.000013
0.000025
0.000036
0.000519
0.000044
0.000000
0.000043
0.000157
0.001523
0.003131
0.000317
0.000161
0.003370
0.000117
0.000001
0.001061
0.000273
0.000051
0.000198
0.000450
0.000038
0.006223
0.000183
0.000005
0.000004
0.000041
0.015215
0.000185
0.000012
0.000302
0.002834
0.000049
0.000036
0.000034
0.000223
0.000686
0.001516
0.000073
0.000431
0.000354
0.000026
0.000026
0.000688
0.001739
0.000028
0.000015
0.000003
0.000568
0.004344
0.000064
0.000000
0.004460
0.002021
0.012306
0.000009
0.000012
0.000015
0.000006
0.000020
0.000001
0.000130
0.006723
0.009329
0.000544
0.000001
0.000012
0.000116
0.000305
0.000022
0.005339
0.000055
0.000068
0.000053
0.030525
0.008014
0.000159
0.000061
0.000050
0.000000
0.000044
0.004278
0.000037
0.000003
0.000022
0.001028
0.000007
0.001119
0.000169
0.000042
0.000046
0.000105
0.000051
0.000007
0.001100
0.000017
0.000053
0.000010
0.000082
0.000005
0.000004
0.000009
0.000287
0.000004
0.001793
0.000009
0.000016
0.000001
0.006004
0.001521
0.000021
0.000119
0.000019
0.000002
0.000002
0.000196
0.000125
0.004299
0.000063
0.000945
0.000004
0.000138
0.000375
0.000656
0.003389
0.001758
0.000003
0.000244
0.000682
0.000010
0.000116
0.000003
0.000021
0.000139
0.000113
0.000254
0.000074
0.000032
0.000016
0.000017
0.000002
0.000001
0.000047
0.000133
0.000057
0.000103
0.000044
0.000192
0.000045
0.000027
0.000005
0.000102
0.000011
0.000039
0.000032
0.000048
0.000001
0.000031
0.003818
0.000005
0.000007
0.000008
0.000023
0.000058
0.000017
0.000002
0.000003
0.000026
0.000004
0.000011
0.000022
0.000046
0.000003
0.000017
0.000069
0.000027
0.000007
0.000011
0.000015
0.000009
0.000107
0.000016
0.000006
0.000019
0.000001
0.000012
0.000610
0.000006
0.000007
0.000004
0.000003
0.000018
0.000159
0.002241
0.018210
0.000030
0.000003
0.005752
0.000001
0.005540
0.000005
0.000028
0.000001
0.000066
0.000024
0.000002
0.000006
0.000002
0.000003
0.011569
0.000004
0.000006
0.000004
0.000010
0.000018
0.000001
0.000009
0.000062
0.000010
0.000003
0.000011
0.000013
0.000022
0.000003
0.000002
0.000396
