0.000422
0.000266
0.010734
0.088021
0.052713
0.006642
0.014099
0.000227
0.000071
0.000009
0.000052
0.000008
0.000006
0.000257
0.000010
0.000014
0.000032
0.000282
0.000293
0.000191
0.000093
0.000038
0.000005
0.000035
0.000006
0.000001
0.000009
0.000004
0.000014
0.008100
0.000001
0.000009
0.000004
0.000165
0.000052
0.000054
0.000052
0.000011
0.000039
0.000011
0.000005
0.000005
0.000004
0.000009
0.000011
0.000003
0.000008
0.000008
0.000002
0.000001
0.000008
0.002693
0.000018
0.000037
0.000030
0.000003
0.000048
0.000000
0.000025
0.000001
0.000014
0.000003
0.000005
0.000040
0.000029
0.000060
0.000005
0.000003
0.000004
0.000073
0.000077
0.000124
0.000006
0.000049
0.000031
0.000246
0.000058
0.000039
0.000235
0.000122
0.000184
0.000424
0.000471
0.000659
0.000262
0.000944
0.000551
0.000156
0.000050
0.000702
0.000003
0.000010
0.000005
0.000017
0.000011
0.000005
0.000105
0.001428
0.000263
0.003047
0.000031
0.000278
0.000007
0.000060
0.000081
0.000039
0.000057
0.001953
0.003134
0.000184
0.000193
0.000034
0.000420
0.000081
0.000035
0.000462
0.000028
0.022641
0.000088
0.000016
0.000020
0.000018
0.000045
0.000026
0.000570
0.000130
0.000417
0.000113
0.000123
0.000042
0.000112
0.000049
0.000953
0.000013
0.001090
0.000006
0.000033
0.000236
0.000114
0.000015
0.000029
0.000019
0.000020
0.000049
0.000208
0.015173
0.004610
0.000018
0.013455
0.019441
0.002013
0.001770
0.000037
0.000329
0.000049
0.000131
0.000010
0.000115
0.001168
0.000032
0.000006
0.000128
0.000784
0.000130
0.000076
0.000285
0.000244
0.000084
0.000115
0.000033
0.000009
0.003081
0.000659
0.000112
0.000061
0.000002
0.000118
0.000004
0.000569
0.001174
0.001814
0.000036
0.000050
0.000009
0.000024
0.000031
0.000016
0.000018
0.000051
0.000012
0.000031
0.000020
0.000025
0.000070
0.000015
0.000647
0.000247
0.000079
0.000043
0.000025
0.000013
0.000005
0.000021
0.001143
0.000026
0.000017
0.000037
0.000038
0.000265
0.000109
0.000007
0.000013
0.000055
0.000007
0.000012
0.000008
0.000003
0.000042
0.000004
0.000007
0.000001
0.000001
0.000401
0.000250
0.000026
0.000018
0.000015
0.000134
0.000002
0.000129
0.000100
0.000032
0.000078
0.000012
0.000423
0.000112
0.000430
0.003694
0.000168
0.000034
0.000292
0.000115
0.000858
0.000076
0.000003
0.000900
0.000078
0.000014
0.000715
0.000120
0.000698
0.000079
0.000017
0.001239
0.000165
0.000001
0.000018
0.000772
0.000598
0.000105
0.000009
0.000003
0.000014
0.000317
0.000186
0.000054
0.000025
0.000051
0.000474
0.000015
0.000041
0.000003
0.000013
0.000106
0.000010
0.000003
0.000005
0.000015
0.000008
0.000346
0.000039
0.000042
0.000029
0.000049
0.001155
0.000199
0.000640
0.000028
0.000007
0.000002
0.000010
0.000005
0.000008
0.000001
0.000001
0.000006
0.000121
0.000005
0.000002
0.000005
0.000019
0.000017
0.000171
0.000008
0.000009
0.000088
0.000154
0.000020
0.000031
0.000010
0.000300
0.000005
0.000036
0.000080
0.000509
0.000026
0.000008
0.000003
0.000003
0.000003
0.000018
0.000003
0.000005
0.000001
0.000052
0.000002
0.000010
0.000084
0.000093
0.000015
0.000503
0.001750
0.000350
0.000595
0.000014
0.000006
0.000002
0.000006
0.000711
0.000080
0.000213
0.000909
0.000022
0.000045
0.000158
0.000297
0.000047
0.000016
0.000312
0.000059
0.000064
0.000034
0.000107
0.000903
0.000140
0.000470
0.000107
0.000038
0.000136
0.000112
0.000072
0.000136
0.000084
0.000355
0.000011
0.000027
0.000019
0.000053
0.000007
0.000015
0.000131
0.000042
0.000043
0.000004
0.000099
0.000365
0.000015
0.000003
0.000009
0.000007
0.000027
0.000005
0.000012
0.000019
0.000077
0.000404
0.000154
0.000012
0.000442
0.000162
0.000273
0.000301
0.000818
0.002723
0.000304
0.000056
0.000182
0.000647
0.000063
0.000106
0.000040
0.000022
0.000010
0.000087
0.000159
0.008592
0.000017
0.000045
0.000312
0.000190
0.000028
0.000012
0.003227
0.000026
0.000116
0.000043
0.000038
0.002433
0.000009
0.002737
0.000089
0.000658
0.000136
0.000204
0.000209
0.000009
0.000049
0.000632
0.000157
0.000158
0.000117
0.002202
0.000005
0.000729
0.000267
0.000774
0.000063
0.000072
0.000255
0.000012
0.000018
0.000274
0.000168
0.000512
0.000002
0.000744
0.000091
0.000629
0.001395
0.000008
0.000263
0.000154
0.000716
0.000032
0.000017
0.000109
0.000094
0.000654
0.000014
0.008696
0.000014
0.007146
0.000035
0.002011
0.000430
0.000170
0.001897
0.000008
0.000026
0.037852
0.001747
0.000254
0.000051
0.000062
0.000031
0.000551
0.000099
0.000025
0.001061
0.000325
0.000298
0.000033
0.000137
0.000007
0.000025
0.000548
0.000007
0.000035
0.000029
0.000242
0.000076
0.000007
0.000036
0.000002
0.000284
0.000069
0.000063
0.000171
0.000012
0.000032
0.000041
0.000183
0.001187
0.000156
0.001016
0.004548
0.002538
0.000061
0.000070
0.000017
0.000011
0.000018
0.000052
0.000016
0.000051
0.002746
0.010354
0.000007
0.007353
0.000009
0.000130
0.000024
0.000108
0.000051
0.002347
0.000319
0.000021
0.000008
0.000028
0.001416
0.000028
0.000030
0.000044
0.000002
0.000180
0.001675
0.000030
0.000018
0.000159
0.000155
0.000008
0.000336
0.000052
0.001981
0.001956
0.009985
0.000013
0.000013
0.000001
0.000030
0.000096
0.000090
0.000111
0.000024
0.000022
0.000012
0.000157
0.000037
0.000052
0.000100
0.000363
0.000027
0.000141
0.000003
0.000167
0.000032
0.000053
0.001573
0.000010
0.000021
0.009460
0.000006
0.003904
0.000006
0.000316
0.000013
0.000007
0.003634
0.000026
0.000059
0.000020
0.000220
0.000029
0.000046
0.000155
0.000071
0.000027
0.000151
0.002021
0.001482
0.000007
0.000226
0.000023
0.000020
0.000006
0.000012
0.000057
0.000174
0.000043
0.000293
0.000329
0.000101
0.000047
0.000014
0.008064
0.000101
0.000210
0.000256
0.000197
0.000039
0.000026
0.000212
0.000003
0.000166
0.000115
0.007190
0.000033
0.000274
0.000942
0.000967
0.000131
0.000067
0.001191
0.000005
0.000012
0.000027
0.000120
0.000040
0.000081
0.000026
0.000065
0.000183
0.000963
0.001247
0.000085
0.000015
0.000053
0.000502
0.000482
0.001021
0.000043
0.002063
0.000039
0.035935
0.000345
0.000008
0.000026
0.001229
0.000007
0.000046
0.000218
0.000032
0.000065
0.001246
0.000106
0.000213
0.000042
0.011779
0.000062
0.006461
0.000053
0.000020
0.000088
0.000030
0.000040
0.000095
0.000370
0.000649
0.000042
0.001279
0.000253
0.000006
0.000371
0.000969
0.000181
0.000018
0.001472
0.000161
0.000396
0.000078
0.005401
0.000009
0.000006
0.000009
0.000580
0.000039
0.000493
0.000014
0.000042
0.000010
0.000057
0.022942
0.000193
0.000035
0.000066
0.000206
0.000706
0.000035
0.000013
0.000183
0.002917
0.000310
0.000046
0.000153
0.001366
0.000052
0.000014
0.000243
0.000068
0.000096
0.001603
0.000125
0.001499
0.000090
0.000077
0.000232
0.000276
0.000025
0.000029
0.118503
0.000438
0.003740
0.002838
0.002129
0.000011
0.013546
0.000010
0.001350
0.004648
0.000382
0.001402
0.001824
0.000017
0.000073
0.000042
0.000104
0.000034
0.000023
0.000088
0.001725
0.000121
0.000043
0.000214
0.000045
0.003562
0.001570
0.000235
0.000691
0.000066
0.000384
0.000377
0.000068
0.000029
0.000143
0.000219
0.000435
0.003138
0.000014
0.000055
0.000041
0.000035
0.000084
0.000004
0.000099
0.000021
0.000263
0.000023
0.000053
0.000587
0.000116
0.000027
0.000047
0.000098
0.000601
0.000115
0.000019
0.000007
0.000009
0.000076
0.000008
0.000007
0.000004
0.000096
0.000180
0.000036
0.001025
0.000192
0.014383
0.000012
0.000006
0.000046
0.000018
0.000295
0.006009
0.000768
0.000017
0.001789
0.000252
0.000003
0.000013
0.000010
0.001812
0.000130
0.000099
0.000422
0.049159
0.000182
0.003063
0.000817
0.000727
0.000002
0.002632
0.000708
0.000572
0.000175
0.000091
0.000460
0.000013
0.007181
0.000046
0.000088
0.000003
0.004484
0.000100
0.000052
0.000002
0.000012
0.000381
0.001036
0.000020
0.000039
0.000100
0.000084
0.000946
0.000528
0.000061
0.002281
0.000784
0.000452
0.000004
0.000049
0.000331
0.000417
0.000209
0.000155
0.001076
0.000212
0.000057
0.000071
0.013710
0.001099
0.000038
0.000031
0.000004
0.000011
0.000292
0.000017
0.000004
0.000004
0.000193
0.000013
0.001944
0.000226
0.000033
0.000019
0.000209
0.000017
0.000013
0.000128
0.000136
0.000013
0.000173
0.000007
0.000006
0.000004
0.000004
0.000973
0.000091
0.000007
0.001667
0.000015
0.000014
0.000269
0.004326
0.000575
0.000055
0.000013
0.000007
0.000082
0.000033
0.003597
0.000432
0.000121
0.000025
0.000028
0.002304
0.000761
0.001947
0.002058
0.005431
0.000818
0.000619
0.000171
0.000141
0.000161
0.000063
0.000220
0.000016
0.000386
0.008478
0.000204
0.000075
0.000082
0.000146
0.000052
0.000053
0.000009
0.000093
0.000082
0.000017
0.000052
0.000210
0.000007
0.000017
0.000003
0.000067
0.000009
0.000019
0.000045
0.000143
0.000007
0.000101
0.000159
0.000011
0.000003
0.000004
0.000104
0.000085
0.000024
0.000005
0.000068
0.000100
0.000032
0.000008
0.000082
0.000021
0.000010
0.000578
0.000456
0.000012
0.000102
0.000118
0.000016
0.000062
0.000079
0.000024
0.000017
0.000019
0.000026
0.000003
0.000059
0.000524
0.000001
0.000007
0.000002
0.000017
0.000113
0.000218
0.001009
0.000715
0.000037
0.009895
0.000012
0.000501
0.000028
0.000035
0.000016
0.000296
0.000024
0.000021
0.000023
0.000062
0.000304
0.007722
0.000005
0.000020
0.000008
0.000443
0.000131
0.000009
0.000005
0.000021
0.000040
0.000003
0.000007
0.000122
0.000152
0.000028
0.000055
0.003025
