0.000015
0.000033
0.000081
0.000030
0.000048
0.000029
0.000035
0.000008
0.000016
0.000006
0.000002
0.000002
0.000051
0.000006
0.000010
0.000009
0.000003
0.000006
0.000007
0.000002
0.000003
0.000002
0.000013
0.000008
0.000002
0.000004
0.000008
0.000010
0.000005
0.000105
0.000009
0.000034
0.000016
0.000004
0.000008
0.000003
0.000008
0.000004
0.000003
0.000008
0.000006
0.000001
0.000006
0.000005
0.000004
0.000009
0.000014
0.000002
0.000002
0.000002
0.000006
0.000007
0.000007
0.000010
0.000008
0.000004
0.000004
0.000001
0.000004
0.000006
0.000012
0.000006
0.000004
0.000005
0.000009
0.000011
0.000005
0.000004
0.000003
0.000006
0.000004
0.000009
0.000002
0.000011
0.000005
0.000046
0.000024
0.000015
0.000025
0.000033
0.000010
0.000003
0.000004
0.000006
0.000006
0.000015
0.000012
0.000018
0.000002
0.000013
0.000002
0.000002
0.000002
0.000002
0.000018
0.000001
0.000006
0.000005
0.000019
0.000056
0.000012
0.000003
0.000023
0.000008
0.000010
0.000011
0.000011
0.000014
0.000011
0.000004
0.000013
0.000002
0.000047
0.000015
0.000018
0.000018
0.000004
0.000014
0.000074
0.000004
0.000006
0.000028
0.000003
0.000004
0.000010
0.000013
0.000011
0.000014
0.000004
0.000003
0.000006
0.000001
0.000005
0.000001
0.000009
0.000009
0.000005
0.000012
0.000003
0.000003
0.000006
0.000007
0.000001
0.000010
0.000021
0.000009
0.000017
0.000023
0.000027
0.000024
0.000047
0.000050
0.000014
0.000248
0.000079
0.000042
0.000035
0.000011
0.000019
0.000005
0.000007
0.000038
0.000031
0.000013
0.000018
0.000037
0.000006
0.000007
0.000060
0.000016
0.000004
0.000017
0.000017
0.000018
0.000013
0.000021
0.000004
0.000011
0.000014
0.000017
0.000011
0.000018
0.000045
0.000027
0.000054
0.000083
0.000025
0.000079
0.000043
0.000115
0.000028
0.000116
0.000102
0.000047
0.000072
0.000014
0.000053
0.000014
0.000006
0.000120
0.000017
0.000066
0.000125
0.000481
0.000141
0.000018
0.000014
0.000019
0.000025
0.000034
0.000001
0.000010
0.000034
0.000013
0.000016
0.000040
0.000025
0.000011
0.000031
0.000011
0.000003
0.000030
0.000043
0.000135
0.000018
0.000004
0.000010
0.000021
0.000028
0.000046
0.000017
0.000025
0.000018
0.000023
0.000031
0.000018
0.000014
0.000055
0.000045
0.000012
0.000034
0.000011
0.000045
0.000016
0.000009
0.000015
0.000011
0.000004
0.000032
0.000025
0.000048
0.000032
0.000086
0.000027
0.000055
0.000003
0.000013
0.000055
0.000100
0.000163
0.000067
0.000011
0.000034
0.000027
0.000026
0.000450
0.000104
0.000038
0.000014
0.000004
0.000006
0.000002
0.000014
0.000026
0.000007
0.000003
0.000007
0.000004
0.000003
0.000005
0.000009
0.000024
0.000015
0.000241
0.000089
0.000036
0.000004
0.000016
0.000003
0.000003
0.000003
0.000004
0.000004
0.000003
0.000002
0.000004
0.000012
0.000001
0.000003
0.000005
0.000005
0.000026
0.000010
0.000003
0.000012
0.000004
0.000011
0.000002
0.000002
0.000005
0.000069
0.000011
0.000012
0.000013
0.000111
0.000016
0.000011
0.000011
0.000001
0.000001
0.000013
0.000007
0.000002
0.000003
0.000003
0.000001
0.000002
0.000004
0.000014
0.000013
0.000099
0.000041
0.000753
0.000309
0.000054
0.000017
0.000004
0.000023
0.000181
0.000009
0.000008
0.000050
0.000005
0.000006
0.000011
0.000005
0.000004
0.000035
0.000015
0.000005
0.000004
0.000002
0.000002
0.000007
0.000007
0.000020
0.000024
0.000037
0.000033
0.000036
0.000007
0.000043
0.000023
0.000014
0.000003
0.000012
0.000011
0.000003
0.000004
0.000002
0.000008
0.000004
0.000043
0.000010
0.000015
0.000004
0.000002
0.000006
0.000008
0.000005
0.000012
0.000003
0.000009
0.000010
0.000006
0.000003
0.000002
0.000018
0.000011
0.000017
0.000014
0.000047
0.000017
0.000017
0.000013
0.000016
0.000005
0.000028
0.000114
0.000011
0.000009
0.000307
0.000064
0.000301
0.000239
0.000283
0.000595
0.013204
0.002552
0.000420
0.000428
0.000036
0.001637
0.000060
0.000948
0.000132
0.000031
0.000187
0.000742
0.000047
0.000050
0.001174
0.000028
0.001595
0.000478
0.000193
0.000044
0.001015
0.000443
0.000011
0.000018
0.000230
0.000029
0.000016
0.000180
0.005630
0.003798
0.000150
0.000068
0.000109
0.000044
0.000138
0.000295
0.000035
0.000011
0.000016
0.000779
0.000998
0.000689
0.001087
0.000073
0.000039
0.000011
0.000441
0.000073
0.000290
0.000035
0.000009
0.000057
0.000015
0.000259
0.000088
0.000107
0.000069
0.002814
0.000058
0.001328
0.000042
0.000981
0.001671
0.000306
0.000161
0.000925
0.000112
0.000012
0.007191
0.000068
0.000307
0.001328
0.000325
0.003030
0.002621
0.019063
0.000007
0.000182
0.034503
0.000027
0.002166
0.000059
0.000183
0.000028
0.000016
0.006623
0.003187
0.000071
0.000225
0.000017
0.000285
0.001074
0.000309
0.000022
0.000015
0.000043
0.000016
0.000776
0.000753
0.000225
0.000251
0.003692
0.000015
0.001295
0.001499
0.000033
0.000037
0.000029
0.000093
0.001182
0.000121
0.000265
0.001243
0.000350
0.000926
0.000038
0.000153
0.000035
0.000074
0.002355
0.008781
0.000309
0.000245
0.001176
0.003600
0.000721
0.000057
0.001524
0.000012
0.002976
0.000015
0.000141
0.000254
0.000070
0.000117
0.000075
0.000485
0.000842
0.000361
0.000171
0.000920
0.001883
0.000217
0.000850
0.000209
0.000034
0.005804
0.000072
0.000186
0.002607
0.000155
0.000119
0.001917
0.000167
0.000404
0.000055
0.000271
0.000516
0.001708
0.000003
0.000421
0.000026
0.007905
0.000059
0.000290
0.000060
0.000040
0.000043
0.000534
0.000164
0.000067
0.000018
0.000512
0.000056
0.016741
0.000046
0.001297
0.000114
0.000048
0.000875
0.000104
0.000270
0.000509
0.001390
0.000115
0.001461
0.000747
0.000011
0.000194
0.000166
0.000026
0.007795
0.000147
0.000156
0.000026
0.000009
0.000019
0.000091
0.005853
0.003281
0.000052
0.000079
0.002281
0.000051
0.000163
0.000022
0.001417
0.000019
0.000082
0.000011
0.000043
0.000101
0.000336
0.025642
0.000153
0.000311
0.000211
0.000043
0.002689
0.000727
0.005045
0.001136
0.000034
0.000081
0.000117
0.005742
0.000169
0.000135
0.000301
0.001201
0.002074
0.000024
0.000015
0.000036
0.000036
0.000288
0.000025
0.000196
0.000002
0.000188
0.000078
0.000399
0.000013
0.000214
0.006542
0.000057
0.000446
0.006736
0.000098
0.006040
0.000583
0.000009
0.000179
0.010486
0.000063
0.017719
0.000034
0.004172
0.000110
0.000067
0.000145
0.000022
0.000270
0.000170
0.000005
0.000167
0.001370
0.000241
0.012413
0.000082
0.000079
0.000122
0.000019
0.000073
0.010931
0.000015
0.000035
0.000147
0.000216
0.000033
0.000532
0.001211
0.000009
0.000011
0.000075
0.000293
0.000035
0.000183
0.000219
0.000167
0.000016
0.000023
0.000028
0.001694
0.000018
0.000020
0.001838
0.001284
0.003737
0.000337
0.000609
0.000097
0.003011
0.001214
0.000169
0.000148
0.043643
0.000011
0.000006
0.000051
0.005387
0.000217
0.000379
0.000183
0.000542
0.000205
0.000011
0.000143
0.000155
0.000060
0.000220
0.000102
0.000354
0.000029
0.000105
0.003740
0.000035
0.005441
0.000024
0.006288
0.000067
0.000170
0.000224
0.000144
0.000037
0.244841
0.000224
0.000711
0.038874
0.000081
0.000278
0.001583
0.000105
0.000202
0.000382
0.000007
0.002381
0.012092
0.000017
0.001178
0.029387
0.000353
0.000075
0.003209
0.000973
0.000097
0.000082
0.000096
0.001113
0.001966
0.000296
0.000067
0.000076
0.000019
0.004151
0.000129
0.000182
0.000012
0.000019
0.000018
0.000147
0.001851
0.001363
0.000139
0.000082
0.009191
0.000214
0.000286
0.000944
0.003690
0.000035
0.000034
0.000224
0.000086
0.000139
0.000053
0.000019
0.000163
0.000025
0.000013
0.000114
0.000154
0.000922
0.001126
0.000056
0.000109
0.003383
0.000235
0.000031
0.000010
0.000290
0.000009
0.000167
0.001623
0.019951
0.000364
0.000433
0.001603
0.000035
0.000021
0.000650
0.000751
0.000165
0.000057
0.000022
0.000114
0.000103
0.000028
0.000009
0.000490
0.011730
0.000107
0.000541
0.000733
0.006386
0.000083
0.000286
0.000038
0.000017
0.000359
0.000322
0.000262
0.000055
0.000251
0.000036
0.000041
0.000468
0.004830
0.000545
0.002631
0.000919
0.013649
0.000442
0.000120
0.015042
0.000012
0.000072
0.000506
0.000064
0.000882
0.000087
0.000138
0.008210
0.000055
0.000686
0.000712
0.000011
0.000497
0.000011
0.000097
0.008975
0.001981
0.000015
0.000027
0.000075
0.000388
0.000028
0.000433
0.000051
0.007154
0.000164
0.001522
0.000175
0.000022
0.001434
0.003981
0.000196
0.000243
0.000043
0.000094
0.000006
0.000088
0.000052
0.000034
0.017065
0.000144
0.000674
0.000187
0.000053
0.002717
0.001503
0.000403
0.001024
0.000114
0.000069
0.000064
0.000017
0.000677
0.000580
0.000008
0.000104
0.000214
0.001149
0.000026
0.000048
0.000017
0.000372
0.000627
0.000490
0.000182
0.000014
0.000027
0.000100
0.000542
0.000146
0.000064
0.000028
0.000027
0.000009
0.000033
0.000111
0.000013
0.000078
0.000014
0.000117
0.000042
0.000019
0.000028
0.000031
0.000006
0.000055
0.000092
0.000061
0.000020
0.000006
0.000009
0.000020
0.000007
0.000005
0.000007
0.000008
0.000041
0.000015
0.000026
0.000004
0.000004
0.000066
0.000061
0.000015
0.000004
0.000004
0.000031
0.000012
0.000021
0.000224
0.000100
0.000072
0.000030
0.000071
0.000181
0.000096
0.000222
0.000031
0.000011
0.000161
0.000039
0.000020
0.000019
0.000810
0.000081
0.000677
0.000482
0.000013
0.000012
0.000011
0.000020
0.000068
0.000011
0.000021
0.000002
0.000152
0.000004
0.000004
0.000014
0.000014
0.000009
0.000001
0.000003
0.000004
0.000012
0.000005
0.000053
0.000578
