0.000001
0.000008
0.000013
0.000011
0.000006
0.000019
0.000006
0.000004
0.000019
0.000002
0.000009
0.000005
0.000006
0.000016
0.000002
0.000010
0.000014
0.000044
0.000001
0.000002
0.000006
0.000107
0.000024
0.000012
0.000027
0.000000
0.000001
0.000000
0.000003
0.000019
0.000004
0.000000
0.000000
0.000000
0.000000
0.000000
0.000006
0.000000
0.000001
0.000001
0.000001
0.000002
0.000000
0.000001
0.000002
0.000000
0.000000
0.000000
0.000000
0.000000
0.000000
0.000024
0.000001
0.000000
0.000000
0.000000
0.000000
0.000000
0.000001
0.000000
0.000001
0.000000
0.000000
0.000000
0.000000
0.000002
0.000002
0.000000
0.000000
0.000001
0.000001
0.000000
0.000001
0.000003
0.000002
0.000003
0.000004
0.000002
0.000002
0.000009
0.000005
0.000003
0.000026
0.000133
0.000209
0.000025
0.000004
0.000001
0.000006
0.000057
0.000000
0.000000
0.000003
0.000002
0.000009
0.000000
0.000001
0.000021
0.000002
0.000034
0.000000
0.000000
0.000005
0.000004
0.000196
0.000002
0.000008
0.000001
0.000060
0.000000
0.000005
0.000001
0.000003
0.000034
0.000007
0.000011
0.000000
0.000014
0.000000
0.000000
0.000001
0.000000
0.000000
0.000002
0.000014
0.000000
0.000004
0.000001
0.000000
0.000001
0.000000
0.000002
0.000124
0.000035
0.000027
0.000036
0.000001
0.000002
0.000002
0.000004
0.000018
0.000003
0.000003
0.000002
0.000030
0.000158
0.000003
0.000002
0.000007
0.000001
0.000028
0.000101
0.000003
0.000000
0.000012
0.000001
0.000000
0.000155
0.000047
0.000000
0.000000
0.000000
0.000000
0.000000
0.000000
0.000000
0.000000
0.000000
0.000000
0.000000
0.000000
0.000004
0.000001
0.000005
0.000014
0.000000
0.000000
0.000000
0.000000
0.000000
0.000000
0.000000
0.000000
0.000000
0.000000
0.000002
0.000041
0.000003
0.000001
0.000000
0.000000
0.000000
0.000005
0.000003
0.000000
0.000000
0.000003
0.000000
0.000003
0.000001
0.000000
0.000004
0.000000
0.000007
0.000000
0.000000
0.000000
0.000000
0.000000
0.000001
0.000000
0.000000
0.000000
0.000000
0.000000
0.000000
0.000000
0.000000
0.000000
0.000000
0.000000
0.000000
0.000000
0.000006
0.000002
0.000001
0.000002
0.000001
0.000000
0.000000
0.000032
0.000007
0.000002
0.000000
0.000000
0.000007
0.000000
0.000003
0.000000
0.000001
0.000002
0.000000
0.000000
0.000000
0.000000
0.000001
0.000000
0.000000
0.000148
0.000009
0.000068
0.000000
0.000007
0.000064
0.000000
0.000000
0.000000
0.000001
0.000017
0.000083
0.000001
0.000015
0.000000
0.000136
0.000019
0.000000
0.000000
0.000000
0.000006
0.000362
0.000092
0.000060
0.001605
0.000015
0.000617
0.000002
0.000002
0.004348
0.000966
0.001185
0.001392
0.353751
0.075227
0.005319
0.015844
0.423123
0.000601
0.033079
0.000078
0.000072
0.000026
0.000005
0.000327
0.000012
0.000000
0.000000
0.000001
0.000000
0.000010
0.000004
0.000000
0.000000
0.000000
0.000000
0.000000
0.000000
0.000000
0.000000
0.000001
0.000002
0.000006
0.000007
0.000004
0.000003
0.000002
0.000001
0.000001
0.000000
0.000000
0.000001
0.000001
0.000001
0.000012
0.000000
0.000005
0.000002
0.000002
0.000013
0.000002
0.000001
0.002527
0.067246
0.000724
0.000169
0.000016
0.000360
0.000000
0.000021
0.000001
0.000000
0.000009
0.000005
0.000015
0.000005
0.000000
0.000002
0.000000
0.000000
0.000004
0.000001
0.000025
0.000002
0.000043
0.000047
0.000000
0.000024
0.000660
0.000284
0.000009
0.000024
0.000018
0.000005
0.000004
0.000003
0.000001
0.000005
0.000000
0.000000
0.000005
0.000000
0.000005
0.000009
0.000001
0.000004
0.000010
0.000000
0.000000
0.000003
0.000003
0.000000
0.000007
0.000004
0.000013
0.000076
0.000094
0.000000
0.000000
0.000004
0.000000
0.000017
0.000005
0.000018
0.000021
0.000025
0.000001
0.000003
0.000016
0.000100
0.000002
0.000000
0.000001
0.000000
0.000000
0.000006
0.000003
0.000001
0.000003
0.000000
0.000002
0.000009
0.000001
0.000000
0.000005
0.000000
0.000000
0.000000
0.000000
0.000001
0.000004
0.000004
0.000000
0.000003
0.000000
0.000000
0.000001
0.000001
0.000003
0.000004
0.000009
0.000001
0.000001
0.000000
0.000001
0.000000
0.000009
0.000007
0.000001
0.000000
0.000021
0.000001
0.000002
0.000189
0.000003
0.000001
0.000000
0.000001
0.000002
0.000001
0.000001
0.000000
0.000001
0.000002
0.000001
0.000025
0.000008
0.000005
0.000004
0.000024
0.000003
0.000000
0.000000
0.000019
0.000065
0.000047
0.000004
0.000001
0.000001
0.000001
0.000006
0.000015
0.000024
0.000001
0.000000
0.000010
0.000001
0.000000
0.000017
0.000055
0.000068
0.000004
0.000011
0.000004
0.000001
0.000005
0.000001
0.000001
0.000000
0.000002
0.000004
0.000028
0.000002
0.000002
0.000000
0.000001
0.000001
0.000003
0.000001
0.000013
0.000008
0.000001
0.000000
0.000006
0.000004
0.000009
0.000014
0.000004
0.000005
0.000011
0.000189
0.000001
0.000001
0.000000
0.000011
0.000001
0.000008
0.000002
0.000001
0.000001
0.000001
0.000003
0.000001
0.000000
0.000001
0.000001
0.000004
0.000001
0.000002
0.000001
0.000001
0.000000
0.000002
0.000001
0.000003
0.000000
0.000107
0.000002
0.000001
0.000004
0.000002
0.000062
0.000004
0.000000
0.000002
0.000005
0.000000
0.000039
0.000007
0.000000
0.000000
0.000001
0.000000
0.000000
0.000065
0.000003
0.000001
0.000000
0.000020
0.000005
0.000003
0.000002
0.000000
0.000001
0.000087
0.000001
0.000000
0.000002
0.000004
0.000001
0.000001
0.000000
0.000010
0.000000
0.000035
0.000000
0.000002
0.000000
0.000000
0.000001
0.000002
0.000000
0.000001
0.000001
0.000000
0.000001
0.000001
0.000004
0.000000
0.000003
0.000045
0.000001
0.000001
0.000000
0.000003
0.000001
0.000001
0.000000
0.000005
0.000001
0.000000
0.000001
0.000007
0.000002
0.000001
0.000000
0.000006
0.000003
0.000006
0.000000
0.000003
0.000000
0.000000
0.000015
0.000000
0.000001
0.000000
0.000002
0.000000
0.000002
0.000003
0.000001
0.000056
0.000001
0.000010
0.000003
0.000002
0.000000
0.000013
0.000000
0.000004
0.000000
0.000001
0.000003
0.000020
0.000002
0.000003
0.000001
0.000011
0.000001
0.000001
0.000002
0.000001
0.000001
0.000000
0.000018
0.000060
0.000000
0.000000
0.000005
0.000001
0.000000
0.000001
0.000000
0.000000
0.000008
0.000000
0.000000
0.000000
0.000004
0.000001
0.000002
0.000000
0.000000
0.000010
0.000001
0.000001
0.000001
0.000001
0.000002
0.000000
0.000003
0.000003
0.000001
0.000000
0.000070
0.000313
0.000000
0.000054
0.000028
0.000001
0.000000
0.000007
0.000017
0.000004
0.000002
0.000002
0.000002
0.000001
0.000000
0.000002
0.000000
0.000002
0.000004
0.000005
0.000000
0.000016
0.000011
0.000012
0.000000
0.000004
0.000005
0.000097
0.000001
0.000000
0.000010
0.000004
0.000000
0.000000
0.000005
0.000013
0.000001
0.000004
0.000009
0.000002
0.000001
0.000001
0.000002
0.000007
0.000000
0.000001
0.000077
0.000005
0.000001
0.000083
0.000026
0.000002
0.000010
0.000000
0.000002
0.001136
0.000003
0.000002
0.000001
0.000000
0.000001
0.000000
0.000001
0.000000
0.000002
0.000004
0.000001
0.000001
0.000001
0.000010
0.000002
0.000010
0.000006
0.000001
0.000003
0.000000
0.000015
0.000005
0.000000
0.000002
0.000013
0.000008
0.000002
0.000001
0.000000
0.000000
0.000000
0.000013
0.000062
0.000000
0.000002
0.000002
0.000002
0.000000
0.000004
0.000000
0.000015
0.000003
0.000001
0.000059
0.000136
0.000000
0.000004
0.000002
0.000000
0.000009
0.000000
0.000001
0.000000
0.000004
0.000025
0.000013
0.000000
0.000006
0.000002
0.000002
0.000002
0.000004
0.000002
0.000035
0.000001
0.000088
0.000006
0.000001
0.000002
0.000000
0.000002
0.000002
0.000003
0.000023
0.000010
0.000002
0.000000
0.000003
0.000002
0.000000
0.000000
0.000007
0.000082
0.000002
0.000002
0.000026
0.000015
0.000001
0.000000
0.000028
0.000002
0.000000
0.000000
0.000000
0.000002
0.000001
0.000000
0.000002
0.000000
0.000015
0.000001
0.000000
0.000001
0.000003
0.000011
0.000000
0.000034
0.000002
0.000002
0.000003
0.000001
0.000032
0.000004
0.000001
0.000003
0.000007
0.000026
0.000002
0.000001
0.000002
0.000005
0.000000
0.000001
0.000012
0.000002
0.000002
0.000019
0.000000
0.000001
0.000001
0.000002
0.000001
0.000042
0.000008
0.000001
0.000000
0.000002
0.000000
0.000000
0.000001
0.000002
0.000001
0.000005
0.000000
0.000000
0.000000
0.000005
0.000025
0.000001
0.000002
0.000014
0.000002
0.000000
0.000005
0.000007
0.000005
0.000003
0.000001
0.000000
0.000000
0.000000
0.000001
0.000001
0.000017
0.000000
0.000002
0.000030
0.000027
0.000049
0.000072
0.000012
0.000000
0.000001
0.000001
0.000001
0.000416
0.000009
0.000002
0.000002
0.000002
0.000002
0.000003
0.000001
0.000005
0.000003
0.000004
0.000000
0.000000
0.000004
0.000033
0.000002
0.000000
0.000002
0.000000
0.000000
0.000000
0.000000
0.000000
0.000000
0.000000
0.000008
0.000000
0.000000
0.000003
0.000000
0.000000
0.000000
0.000000
0.000010
0.000000
0.000000
0.000000
0.000000
0.000000
0.000000
0.000000
0.000000
0.000003
0.000000
0.000001
0.000000
0.000001
0.000001
0.000000
0.000002
0.000002
0.000000
0.000000
0.000000
0.000021
0.000000
0.000000
0.000000
0.000000
0.000000
0.000000
0.000000
0.000000
0.000005
0.000040
0.000009
0.000000
0.000053
0.000000
0.000004
0.000002
0.000002
0.000000
0.000001
0.000002
0.000001
0.000001
0.000001
0.000000
0.000001
0.000000
0.000017
0.000000
0.000025
0.000001
0.000001
0.000002
0.000003
0.000000
0.000000
0.000000
0.000001
0.000001
0.000000
0.000024
0.000013
