0.000000
0.000000
0.000000
0.000000
0.000000
0.000000
0.000000
0.000000
0.000000
0.000000
0.000000
0.000000
0.000000
0.000000
0.000000
0.000000
0.000000
0.000000
0.000000
0.000000
0.000000
0.000000
0.000000
0.000000
0.000000
0.000000
0.000000
0.000000
0.000000
0.000000
0.000000
0.000000
0.000000
0.000000
0.000000
0.000000
0.000000
0.000000
0.000000
0.000000
0.000000
0.000000
0.000000
0.000000
0.000000
0.000000
0.000000
0.000000
0.000000
0.000000
0.000000
0.000000
0.000001
0.000001
0.000000
0.000000
0.000000
0.000000
0.000000
0.000000
0.000000
0.000000
0.000000
0.000000
0.000000
0.000001
0.000000
0.000000
0.000000
0.000001
0.000000
0.000000
0.000000
0.000000
0.000000
0.000000
0.000000
0.000000
0.000000
0.000001
0.000000
0.000000
0.000000
0.000000
0.000000
0.000000
0.000000
0.000000
0.000000
0.000000
0.000000
0.000000
0.000000
0.000000
0.000000
0.000000
0.000000
0.000000
0.000000
0.000000
0.000000
0.000000
0.000000
0.000000
0.000000
0.000000
0.000000
0.000001
0.000000
0.000000
0.000000
0.000006
0.000000
0.000000
0.000000
0.000000
0.000001
0.000000
0.000000
0.000000
0.000000
0.000000
0.000000
0.000000
0.000000
0.000000
0.000000
0.000000
0.000000
0.000000
0.000000
0.000000
0.000000
0.000000
0.000000
0.000000
0.000000
0.000000
0.000000
0.000000
0.000000
0.000000
0.000000
0.000000
0.000000
0.000000
0.000000
0.000000
0.000001
0.000000
0.000000
0.000000
0.000000
0.000000
0.000000
0.000000
0.000000
0.000000
0.000000
0.000000
0.000000
0.000000
0.000000
0.000000
0.000000
0.000000
0.000000
0.000000
0.000000
0.000000
0.000000
0.000000
0.000000
0.000000
0.000000
0.000000
0.000000
0.000000
0.000000
0.000000
0.000000
0.000000
0.000000
0.000000
0.000000
0.000000
0.000000
0.000000
0.000000
0.000000
0.000000
0.000000
0.000000
0.000000
0.000000
0.000000
0.000000
0.000000
0.000000
0.000000
0.000000
0.000000
0.000000
0.000000
0.000000
0.000000
0.000000
0.000000
0.000000
0.000000
0.000000
0.000000
0.000000
0.000000
0.000000
0.000000
0.000000
0.000000
0.000000
0.000000
0.000000
0.000000
0.000000
0.000000
0.000000
0.000000
0.000000
0.000000
0.000000
0.000000
0.000000
0.000000
0.000000
0.000000
0.000000
0.000000
0.000000
0.000000
0.000000
0.000000
0.000000
0.000000
0.000000
0.000000
0.000000
0.000000
0.000000
0.000000
0.000000
0.000000
0.000000
0.000000
0.000000
0.000000
0.000000
0.000000
0.000000
0.000000
0.000000
0.000000
0.000000
0.000000
0.000000
0.000000
0.000000
0.000000
0.000000
0.000000
0.000000
0.000000
0.000000
0.000000
0.000000
0.000000
0.000000
0.000000
0.000000
0.000000
0.000000
0.000000
0.000000
0.000000
0.000000
0.000000
0.000000
0.000000
0.000000
0.000000
0.000000
0.000000
0.000000
0.000000
0.000000
0.000000
0.000000
0.000000
0.000000
0.000000
0.000000
0.000000
0.000000
0.000000
0.000000
0.000000
0.000000
0.000000
0.000000
0.000000
0.000000
0.000000
0.000000
0.000000
0.000000
0.000000
0.000000
0.000000
0.000000
0.000000
0.000000
0.000000
0.000000
0.000000
0.000000
0.000000
0.000000
0.000000
0.000000
0.000000
0.000000
0.000001
0.000000
0.000000
0.000000
0.000002
0.000000
0.000000
0.000000
0.000000
0.000000
0.000000
0.000000
0.000000
0.000000
0.000000
0.000000
0.000000
0.000000
0.000000
0.000000
0.000000
0.000000
0.000000
0.000000
0.000000
0.000000
0.000000
0.000000
0.000000
0.000000
0.000000
0.000000
0.000000
0.000000
0.000000
0.000000
0.000000
0.000000
0.000000
0.000000
0.000000
0.000000
0.000000
0.000000
0.000000
0.000000
0.000000
0.000000
0.000000
0.000000
0.000000
0.000000
0.000000
0.000000
0.000000
0.000000
0.000000
0.000000
0.000000
0.000000
0.000000
0.000000
0.000000
0.000000
0.000000
0.000000
0.000000
0.000000
0.000000
0.002825
0.000000
0.000000
0.000039
0.000001
0.000000
0.000000
0.000000
0.000000
0.000000
0.000000
0.000011
0.000000
0.000000
0.000017
0.000000
0.000001
0.000001
0.000000
0.000000
0.000065
0.000008
0.000000
0.000009
0.000000
0.000000
0.000001
0.000000
0.000076
0.000001
0.000003
0.000000
0.000000
0.000000
0.000008
0.000000
0.000000
0.000003
0.000004
0.000000
0.000280
0.000000
0.000006
0.000007
0.000006
0.000001
0.000000
0.000000
0.000001
0.000001
0.000000
0.000000
0.000000
0.000001
0.000000
0.000001
0.000001
0.000032
0.000000
0.000000
0.000011
0.000000
0.000000
0.000002
0.000004
0.000000
0.000023
0.000000
0.000000
0.000000
0.000003
0.000000
0.000010
0.000000
0.000000
0.000016
0.000000
0.000000
0.000000
0.000168
0.000006
0.000005
0.000149
0.000129
0.000364
0.000000
0.000000
0.000148
0.000000
0.538351
0.000002
0.000001
0.000002
0.000000
0.000002
0.000001
0.000003
0.000003
0.000000
0.000000
0.000005
0.000005
0.000000
0.000000
0.000002
0.000001
0.000009
0.000000
0.000009
0.007091
0.000869
0.000000
0.000001
0.000001
0.000003
0.000063
0.000000
0.000000
0.000001
0.000000
0.000000
0.000000
0.000002
0.000000
0.000002
0.000006
0.000002
0.000000
0.000000
0.000026
0.001577
0.000001
0.000390
0.000858
0.000000
0.000000
0.000000
0.000000
0.000000
0.000000
0.000000
0.000003
0.000000
0.000000
0.000009
0.000016
0.000000
0.000005
0.000008
0.000000
0.000003
0.000000
0.000000
0.000001
0.000000
0.000019
0.000000
0.000000
0.000000
0.000004
0.000025
0.000010
0.000001
0.000002
0.000000
0.000002
0.000000
0.000003
0.000005
0.000000
0.000000
0.000000
0.000000
0.000002
0.000001
0.000000
0.000010
0.000000
0.000000
0.000001
0.000000
0.000000
0.000000
0.000070
0.000000
0.000026
0.000007
0.000024
0.000000
0.000011
0.000004
0.000002
0.065355
0.000000
0.000055
0.000108
0.000000
0.000000
0.000001
0.000000
0.000002
0.000017
0.000011
0.000000
0.000000
0.000000
0.000011
0.008219
0.000012
0.000000
0.000000
0.000002
0.000000
0.000001
0.000000
0.000079
0.000000
0.000002
0.000000
0.000000
0.000003
0.000000
0.000032
0.000002
0.000007
0.000011
0.000001
0.000000
0.000174
0.000000
0.000001
0.000008
0.000001
0.000180
0.000026
0.000002
0.000000
0.000013
0.000009
0.000032
0.000001
0.000001
0.000006
0.000000
0.000000
0.000000
0.000110
0.000000
0.000006
0.000017
0.000004
0.000000
0.000026
0.000009
0.000000
0.000000
0.000001
0.000000
0.000003
0.000000
0.000000
0.000000
0.000000
0.000000
0.002717
0.000000
0.000011
0.000000
0.000001
0.000000
0.000000
0.000000
0.000000
0.000000
0.000000
0.000071
0.000005
0.000000
0.000004
0.000001
0.000000
0.000001
0.000027
0.000072
0.000004
0.000005
0.000039
0.000021
0.000017
0.000001
0.000308
0.000000
0.000000
0.000000
0.000138
0.000003
0.000000
0.000023
0.000010
0.000000
0.000000
0.000000
0.000001
0.000000
0.000001
0.000001
0.000130
0.000004
0.000001
0.000985
0.000001
0.000036
0.000035
0.000010
0.000011
0.000001
0.000003
0.000000
0.000001
0.000002
0.000000
0.000001
0.000017
0.000000
0.000003
0.000000
0.000000
0.000006
0.000011
0.000000
0.000002
0.000005
0.000000
0.000007
0.000005
0.000015
0.000000
0.000000
0.000000
0.000043
0.000001
0.000000
0.000001
0.000004
0.000003
0.000005
0.000005
0.000005
0.000005
0.000004
0.000005
0.000000
0.000000
0.000002
0.000002
0.000010
0.010987
0.000000
0.000002
0.000000
0.000029
0.000002
0.000012
0.349075
0.000000
0.000002
0.000000
0.000004
0.000002
0.000054
0.000000
0.000106
0.000004
0.000011
0.001057
0.000056
0.000001
0.000000
0.000001
0.000019
0.000039
0.000002
0.000000
0.000010
0.000008
0.000007
0.000736
0.000002
0.000000
0.000003
0.000003
0.000002
0.000033
0.000007
0.000002
0.000000
0.000000
0.000001
0.000000
0.000001
0.000008
0.000009
0.000023
0.000002
0.000000
0.000000
0.000021
0.000000
0.000000
0.000001
0.000000
0.000000
0.000552
0.001175
0.000003
0.000012
0.000002
0.000000
0.000002
0.000001
0.000036
0.000000
0.000000
0.000000
0.000000
0.000004
0.000000
0.000000
0.000075
0.000003
0.000004
0.000003
0.000001
0.000000
0.000000
0.000000
0.000000
0.000001
0.000001
0.000002
0.000088
0.000000
0.000009
0.000000
0.000000
0.000002
0.000159
0.000006
0.000000
0.000000
0.001004
0.000001
0.000000
0.000013
0.000001
0.000000
0.000000
0.000123
0.000000
0.000000
0.000000
0.000014
0.000001
0.000001
0.000017
0.000000
0.000000
0.000000
0.000001
0.000001
0.000002
0.000000
0.000000
0.000000
0.000000
0.000000
0.000000
0.000004
0.000001
0.000031
0.000312
0.000000
0.000000
0.000000
0.000039
0.000011
0.000000
0.000000
0.000047
0.000000
0.000000
0.000000
0.000000
0.000046
0.000000
0.000003
0.000000
0.000000
0.000002
0.000000
0.000161
0.000026
0.000000
0.000006
0.000021
0.000000
0.000003
0.000002
0.000001
0.000002
0.000000
0.000000
0.000001
0.000005
0.000000
0.000000
0.000000
0.000000
0.000006
0.000000
0.000001
0.000017
0.000015
0.000006
0.000016
0.000000
0.000000
0.000000
0.000000
0.000000
0.000000
0.000004
0.000000
0.000000
0.000012
0.000000
0.000001
0.000000
0.000000
0.000000
0.000000
0.000000
0.000000
0.000000
0.000000
0.000000
0.000000
0.000000
0.000000
0.000000
0.000001
0.000000
0.000000
0.000000
0.000000
0.000000
0.000001
0.000000
0.000000
0.000000
0.000000
0.000000
0.000002
0.000000
0.000000
0.000000
0.000000
0.000000
0.000000
0.000004
0.000001
0.000009
0.000000
0.000004
0.000000
0.000000
0.000000
0.000000
0.000000
0.000001
0.000000
0.000000
0.000000
0.000000
0.000000
0.000000
0.000000
0.000000
0.000000
0.000002
0.000000
0.000000
0.000000
0.000000
0.000000
0.000000
0.000000
0.000000
0.000000
0.000000
0.000001
0.000006
