0.000005
0.000004
0.000282
0.000257
0.000082
0.000620
0.000495
0.000000
0.000000
0.000000
0.000000
0.000000
0.000003
0.000003
0.000001
0.000000
0.000000
0.000000
0.000000
0.000000
0.000000
0.000001
0.000000
0.000000
0.000000
0.000000
0.000002
0.000002
0.000004
0.000086
0.000000
0.000000
0.000000
0.000001
0.000001
0.000000
0.000002
0.000000
0.000000
0.000000
0.000000
0.000000
0.000000
0.000000
0.000000
0.000000
0.000000
0.000000
0.000000
0.000000
0.000002
0.000001
0.000001
0.000000
0.000000
0.000000
0.000000
0.000000
0.000000
0.000000
0.000000
0.000000
0.000000
0.000000
0.000000
0.000000
0.000000
0.000000
0.000000
0.000001
0.000003
0.000004
0.000000
0.000002
0.000000
0.000019
0.000021
0.000006
0.000049
0.000002
0.000000
0.000009
0.000000
0.000000
0.000001
0.000003
0.000001
0.000011
0.000000
0.000044
0.000000
0.000000
0.000000
0.000000
0.000000
0.000000
0.000000
0.000000
0.000000
0.000003
0.000000
0.000000
0.000000
0.000003
0.000001
0.000000
0.000002
0.000018
0.000005
0.000000
0.000000
0.000001
0.000003
0.000001
0.000001
0.000004
0.000000
0.000008
0.000003
0.000000
0.000004
0.000001
0.000001
0.000001
0.000023
0.000001
0.000004
0.000000
0.000000
0.000000
0.000000
0.000000
0.000000
0.000000
0.000000
0.000000
0.000000
0.000000
0.000000
0.000000
0.000001
0.000000
0.000000
0.000000
0.000001
0.000001
0.000001
0.000000
0.000005
0.000076
0.000002
0.000003
0.000000
0.000002
0.000001
0.000000
0.000000
0.000000
0.000002
0.000000
0.000000
0.000000
0.000000
0.000000
0.000000
0.000000
0.000000
0.000000
0.000000
0.000001
0.000000
0.000004
0.000001
0.000000
0.000000
0.000000
0.000000
0.000000
0.000001
0.000006
0.000002
0.000000
0.000000
0.000000
0.000000
0.000000
0.000000
0.000000
0.000000
0.000000
0.000000
0.000000
0.000000
0.000000
0.000000
0.000000
0.000000
0.000000
0.000000
0.000000
0.000000
0.000000
0.000000
0.000004
0.000000
0.000000
0.000000
0.000000
0.000001
0.000001
0.000000
0.000000
0.000000
0.000000
0.000000
0.000000
0.000000
0.000000
0.000000
0.000000
0.000000
0.000000
0.000001
0.000026
0.000000
0.000000
0.000000
0.000000
0.000000
0.000000
0.000000
0.000000
0.000000
0.000000
0.000000
0.000000
0.000001
0.000009
0.000000
0.000000
0.000000
0.000000
0.000002
0.000000
0.000000
0.000005
0.000000
0.000000
0.000004
0.000001
0.000002
0.000001
0.000000
0.000013
0.000001
0.000000
0.000000
0.000002
0.000006
0.000012
0.000001
0.000000
0.000000
0.000000
0.000001
0.000002
0.000000
0.000000
0.000001
0.000000
0.000002
0.000000
0.000000
0.000000
0.000000
0.000000
0.000000
0.000000
0.000000
0.000005
0.000000
0.000001
0.000000
0.000037
0.000037
0.000004
0.000002
0.000001
0.000000
0.000000
0.000000
0.000000
0.000000
0.000000
0.000000
0.000000
0.000001
0.000000
0.000000
0.000000
0.000000
0.000003
0.000003
0.000001
0.000001
0.000001
0.000003
0.000000
0.000001
0.000000
0.000049
0.000000
0.000001
0.000002
0.000011
0.000001
0.000000
0.000000
0.000000
0.000000
0.000000
0.000000
0.000000
0.000000
0.000003
0.000000
0.000000
0.000002
0.000002
0.000000
0.000009
0.000037
0.000104
0.000026
0.000000
0.000000
0.000000
0.000000
0.000007
0.000000
0.000000
0.000001
0.000000
0.000000
0.000000
0.000003
0.000000
0.000001
0.000000
0.000000
0.000000
0.000000
0.000000
0.000000
0.000000
0.000001
0.000001
0.000000
0.000001
0.000000
0.000000
0.000000
0.000000
0.000000
0.000000
0.000000
0.000000
0.000000
0.000000
0.000000
0.000000
0.000000
0.000000
0.000000
0.000000
0.000000
0.000000
0.000000
0.000000
0.000000
0.000000
0.000000
0.000000
0.000000
0.000000
0.000000
0.000000
0.000000
0.000000
0.000007
0.000004
0.000003
0.000001
0.000007
0.000009
0.000004
0.000001
0.000043
0.000000
0.000000
0.000000
0.000000
0.000000
0.000012
0.000003
0.000013
0.000009
0.000000
0.000007
0.000006
0.000004
0.000001
0.000098
0.000001
0.000005
0.000004
0.000000
0.000005
0.000001
0.000003
0.000001
0.000007
0.000000
0.000002
0.000003
0.000000
0.000003
0.000020
0.000034
0.000000
0.000000
0.000085
0.000000
0.000002
0.000023
0.030272
0.000000
0.000001
0.000004
0.000001
0.000000
0.000036
0.000002
0.000005
0.000000
0.000001
0.000003
0.000001
0.000009
0.000000
0.000004
0.000003
0.000014
0.000001
0.000001
0.000003
0.000001
0.000010
0.000000
0.000005
0.000000
0.000027
0.000000
0.000106
0.000013
0.000000
0.000002
0.000000
0.000001
0.000482
0.000384
0.000001
0.000001
0.000004
0.000004
0.000004
0.000022
0.000001
0.000003
0.000002
0.000000
0.000001
0.000003
0.000000
0.000000
0.000021
0.000001
0.000001
0.000000
0.000001
0.000001
0.000000
0.000007
0.000007
0.000010
0.000001
0.000000
0.000026
0.000001
0.000018
0.000001
0.000005
0.000004
0.000004
0.000030
0.000072
0.000004
0.000004
0.000049
0.000000
0.000000
0.000002
0.000001
0.000000
0.000000
0.000018
0.000208
0.000000
0.000006
0.000000
0.000016
0.000022
0.000000
0.000004
0.000012
0.000000
0.000005
0.000001
0.000005
0.000005
0.000001
0.000001
0.000455
0.000000
0.000004
0.000015
0.000006
0.000001
0.000276
0.000001
0.000002
0.000006
0.000001
0.000001
0.000140
0.000779
0.000009
0.000000
0.000000
0.000002
0.000010
0.000001
0.000002
0.000001
0.000001
0.000000
0.000002
0.000001
0.000003
0.000008
0.000004
0.000000
0.000013
0.000001
0.000002
0.000000
0.000001
0.000136
0.000000
0.000000
0.000010
0.000000
0.000045
0.000000
0.000012
0.000000
0.000000
0.000057
0.000004
0.000003
0.000000
0.000009
0.000000
0.000002
0.000002
0.000000
0.000000
0.000002
0.000049
0.000026
0.000000
0.000014
0.000002
0.000000
0.000000
0.000000
0.000001
0.000005
0.000002
0.000005
0.000012
0.000006
0.000001
0.000000
0.000008
0.000012
0.000067
0.000007
0.000002
0.000000
0.000003
0.000010
0.000000
0.000037
0.000000
0.000013
0.000000
0.000003
0.000039
0.000108
0.000022
0.000001
0.000001
0.000001
0.000000
0.000005
0.000002
0.000000
0.000001
0.000000
0.000000
0.000003
0.000012
0.000004
0.000002
0.000006
0.000007
0.000015
0.000001
0.000001
0.000004
0.000003
0.000000
0.000147
0.000012
0.000000
0.000002
0.000004
0.000001
0.000000
0.000001
0.000005
0.000000
0.000010
0.000000
0.000003
0.000000
0.000085
0.000001
0.000191
0.000000
0.000000
0.000028
0.000000
0.000001
0.000002
0.000012
0.000047
0.000001
0.000037
0.000004
0.000000
0.000001
0.000044
0.000007
0.000000
0.000009
0.000005
0.000013
0.000007
0.000049
0.000011
0.000000
0.000000
0.000952
0.000000
0.000002
0.000001
0.000002
0.000002
0.000000
0.000016
0.000002
0.000001
0.000000
0.000008
0.000003
0.000002
0.000000
0.000001
0.000085
0.000000
0.000001
0.000003
0.000005
0.000000
0.000004
0.000002
0.000008
0.000003
0.000012
0.000005
0.000035
0.000005
0.000012
0.000060
0.000002
0.000000
0.000000
0.003342
0.000001
0.000046
0.000044
0.000005
0.000000
0.000033
0.000001
0.000027
0.000067
0.000004
0.000001
0.000046
0.000000
0.000000
0.000000
0.000016
0.000194
0.000000
0.000023
0.000029
0.000001
0.000000
0.000028
0.000001
0.000033
0.000121
0.000009
0.000001
0.000023
0.000003
0.000008
0.000000
0.000000
0.000004
0.000001
0.000010
0.000285
0.000000
0.000001
0.000000
0.000002
0.000005
0.000003
0.000002
0.000001
0.000005
0.000000
0.000001
0.000000
0.000008
0.000000
0.000003
0.000017
0.000273
0.000000
0.000000
0.000000
0.000002
0.000024
0.000000
0.000000
0.000000
0.000002
0.000020
0.000002
0.000008
0.000216
0.000138
0.000001
0.000005
0.000001
0.000001
0.000002
0.000024
0.000196
0.000001
0.000003
0.000001
0.000000
0.000001
0.000000
0.000000
0.000007
0.000003
0.000508
0.000000
0.000000
0.000069
0.000000
0.000116
0.000005
0.000022
0.000001
0.000064
0.000022
0.000006
0.000011
0.000005
0.000055
0.000000
0.000000
0.000000
0.000074
0.000003
0.000001
0.000000
0.000001
0.000051
0.001055
0.000000
0.000002
0.000005
0.000002
0.000009
0.000000
0.000038
0.000003
0.000001
0.000006
0.000000
0.000001
0.000006
0.000003
0.000003
0.000069
0.000010
0.000074
0.000001
0.000001
0.000135
0.000011
0.000001
0.000000
0.000000
0.000002
0.000002
0.000000
0.000000
0.000000
0.000003
0.000000
0.000402
0.000009
0.000000
0.000000
0.000004
0.000000
0.000000
0.000156
0.000014
0.000001
0.000001
0.000001
0.000000
0.000000
0.000000
0.021383
0.000002
0.000002
0.000104
0.000000
0.000000
0.000022
0.000027
0.000034
0.000009
0.000000
0.000001
0.000000
0.000001
0.000001
0.000475
0.000006
0.000002
0.000001
0.000029
0.928695
0.000099
0.000016
0.000109
0.000003
0.000020
0.000001
0.000001
0.000010
0.000001
0.000001
0.000001
0.000004
0.000349
0.000007
0.000001
0.000000
0.000000
0.000001
0.000002
0.000000
0.000000
0.000003
0.000000
0.000000
0.000000
0.000000
0.000018
0.000000
0.000029
0.000006
0.000005
0.000007
0.000006
0.000000
0.000005
0.000003
0.000000
0.000000
0.000004
0.000000
0.000005
0.000000
0.000000
0.000001
0.000001
0.000000
0.000000
0.000000
0.000000
0.000000
0.000007
0.000002
0.000000
0.000001
0.000000
0.000001
0.000001
0.000003
0.000000
0.000000
0.000001
0.000000
0.000001
0.000002
0.000014
0.000000
0.000002
0.000001
0.000001
0.000006
0.000069
0.000036
0.000013
0.000000
0.000140
0.000000
0.000002
0.000000
0.000000
0.000000
0.000004
0.000001
0.000000
0.000001
0.000000
0.000002
0.000007
0.000000
0.000001
0.000000
0.000003
0.000001
0.000000
0.000000
0.000000
0.000001
0.000000
0.000000
0.000002
0.000000
0.000001
0.000000
0.000022
