0.000003
0.000016
0.000063
0.000026
0.000022
0.000107
0.000030
0.000004
0.000005
0.000001
0.000001
0.000002
0.000005
0.000001
0.000015
0.000001
0.000001
0.000008
0.000006
0.000003
0.000001
0.000001
0.000004
0.000004
0.000002
0.000003
0.000003
0.000004
0.000009
0.000069
0.000005
0.000011
0.000011
0.000007
0.000008
0.000004
0.000013
0.000005
0.000020
0.000000
0.000002
0.000001
0.000000
0.000001
0.000002
0.000008
0.000002
0.000002
0.000001
0.000001
0.000003
0.000006
0.000015
0.000025
0.000005
0.000005
0.000018
0.000001
0.000005
0.000005
0.000006
0.000002
0.000002
0.000019
0.000006
0.000055
0.000003
0.000003
0.000003
0.000009
0.000002
0.000017
0.000001
0.000006
0.000002
0.000024
0.000010
0.000009
0.000011
0.000074
0.000008
0.000005
0.000003
0.000005
0.000002
0.000005
0.000010
0.000011
0.000002
0.000009
0.000001
0.000001
0.000001
0.000002
0.000009
0.000001
0.000023
0.000016
0.000034
0.000098
0.000021
0.000007
0.000004
0.000005
0.000004
0.000001
0.000002
0.000089
0.000022
0.000004
0.000013
0.000020
0.000079
0.000016
0.000009
0.000024
0.000009
0.000019
0.000009
0.000001
0.000020
0.000005
0.000006
0.000004
0.000006
0.000021
0.000033
0.000003
0.000001
0.000005
0.000006
0.000002
0.000034
0.000001
0.000009
0.000003
0.000004
0.000009
0.000001
0.000002
0.000002
0.000002
0.000002
0.000003
0.000007
0.000029
0.000041
0.000015
0.000163
0.000080
0.000013
0.000045
0.000039
0.000096
0.000066
0.000022
0.000054
0.000043
0.000066
0.000003
0.000006
0.000021
0.000045
0.000007
0.000006
0.000011
0.000013
0.000015
0.000011
0.000009
0.000001
0.000017
0.000019
0.000012
0.000004
0.000002
0.000003
0.000002
0.000007
0.000029
0.000015
0.000009
0.000013
0.000016
0.000007
0.000019
0.000011
0.000057
0.000029
0.000017
0.000046
0.000027
0.000019
0.000011
0.000011
0.000039
0.000016
0.000003
0.000002
0.000019
0.000005
0.000018
0.000032
0.000069
0.000039
0.000006
0.000004
0.000015
0.000020
0.000006
0.000002
0.000005
0.000008
0.000009
0.000005
0.000022
0.000011
0.000015
0.000021
0.000009
0.000008
0.000009
0.000014
0.000032
0.000008
0.000007
0.000004
0.000004
0.000010
0.000010
0.000006
0.000017
0.000021
0.000012
0.000009
0.000014
0.000003
0.000043
0.000022
0.000021
0.000016
0.000009
0.000069
0.000008
0.000005
0.000070
0.000002
0.000013
0.000019
0.000019
0.000017
0.000044
0.000026
0.000023
0.000097
0.000002
0.000005
0.000030
0.000062
0.000039
0.000019
0.000002
0.000014
0.000018
0.000025
0.000029
0.000011
0.000005
0.000003
0.000001
0.000003
0.000001
0.000005
0.000007
0.000002
0.000000
0.000003
0.000002
0.000001
0.000007
0.000003
0.000012
0.000014
0.000028
0.000059
0.000013
0.000002
0.000005
0.000007
0.000005
0.000007
0.000003
0.000016
0.000005
0.000006
0.000002
0.000022
0.000001
0.000001
0.000003
0.000005
0.000033
0.000017
0.000014
0.000011
0.000006
0.000014
0.000001
0.000003
0.000016
0.000011
0.000002
0.000002
0.000002
0.000097
0.000009
0.000006
0.000004
0.000001
0.000003
0.000005
0.000004
0.000004
0.000004
0.000006
0.000001
0.000002
0.000004
0.000012
0.000020
0.000018
0.000010
0.000031
0.000171
0.000018
0.000007
0.000001
0.000007
0.000061
0.000010
0.000008
0.000007
0.000001
0.000001
0.000008
0.000008
0.000001
0.000017
0.000007
0.000005
0.000001
0.000000
0.000001
0.000003
0.000002
0.000012
0.000030
0.000015
0.000027
0.000023
0.000006
0.000020
0.000015
0.000019
0.000001
0.000006
0.000006
0.000009
0.000005
0.000002
0.000006
0.000007
0.000016
0.000006
0.000006
0.000009
0.000005
0.000003
0.000006
0.000003
0.000008
0.000002
0.000009
0.000009
0.000007
0.000003
0.000002
0.000008
0.000019
0.000002
0.000020
0.000007
0.000093
0.000108
0.000008
0.000002
0.000013
0.000216
0.000683
0.000064
0.000033
0.000730
0.000113
0.000037
0.000087
0.000346
0.000106
0.000692
0.000790
0.001594
0.000014
0.000078
0.002091
0.000058
0.000516
0.000117
0.000137
0.000071
0.000948
0.001241
0.000086
0.000545
0.000078
0.000147
0.000496
0.000026
0.000195
0.000303
0.000099
0.000104
0.000070
0.000043
0.000075
0.000237
0.000061
0.001728
0.001055
0.000124
0.002982
0.000060
0.000715
0.000439
0.000638
0.000427
0.000009
0.000114
0.000370
0.002308
0.000439
0.000382
0.000346
0.000184
0.000033
0.000124
0.000117
0.000481
0.000026
0.000052
0.000218
0.000093
0.000030
0.000091
0.000043
0.000403
0.007752
0.000324
0.001556
0.000009
0.004164
0.000542
0.007137
0.000081
0.000098
0.002809
0.000009
0.020538
0.000076
0.000406
0.001466
0.001489
0.002997
0.001145
0.009744
0.000011
0.000075
0.005479
0.000057
0.013602
0.000271
0.000205
0.000119
0.000313
0.000600
0.000016
0.000076
0.000057
0.000049
0.000104
0.001299
0.000195
0.000006
0.000029
0.000226
0.000140
0.098027
0.002794
0.000111
0.049715
0.001372
0.000032
0.000727
0.000709
0.000189
0.000149
0.000018
0.000713
0.000484
0.000008
0.000881
0.000091
0.000121
0.000338
0.000045
0.000042
0.000102
0.000023
0.000448
0.000321
0.008965
0.000350
0.007708
0.019291
0.000030
0.000025
0.000138
0.000312
0.000096
0.000007
0.000248
0.000026
0.000051
0.000040
0.000046
0.000796
0.000051
0.001089
0.001631
0.000105
0.000062
0.000135
0.003407
0.000419
0.000028
0.000110
0.000141
0.000317
0.000178
0.000033
0.000107
0.000067
0.002135
0.000431
0.000205
0.000142
0.000018
0.000286
0.000066
0.000253
0.000005
0.000121
0.001250
0.000581
0.000122
0.000368
0.000367
0.000304
0.000123
0.000068
0.000014
0.000152
0.000008
0.012023
0.000038
0.000128
0.000516
0.001822
0.000378
0.000159
0.000357
0.001417
0.002711
0.000070
0.001069
0.000530
0.000010
0.000028
0.000102
0.000086
0.000605
0.000229
0.000453
0.000010
0.000015
0.000011
0.000533
0.021230
0.007594
0.000138
0.000006
0.001068
0.000464
0.000069
0.000019
0.003252
0.000013
0.000443
0.000022
0.000173
0.000267
0.000415
0.001640
0.000089
0.002020
0.000205
0.000108
0.000280
0.026935
0.003311
0.000307
0.000701
0.000106
0.004266
0.003029
0.005815
0.000009
0.001191
0.003787
0.003910
0.000280
0.000128
0.000011
0.000176
0.000074
0.000096
0.001051
0.000002
0.000147
0.003621
0.000501
0.000004
0.001231
0.002638
0.000027
0.001133
0.000402
0.000038
0.001936
0.000160
0.000047
0.000145
0.001109
0.000205
0.021336
0.000026
0.001246
0.000328
0.000405
0.000089
0.000106
0.000024
0.000589
0.000015
0.000034
0.005594
0.000715
0.000588
0.000716
0.000046
0.001378
0.000051
0.005032
0.000647
0.000012
0.000045
0.000267
0.004992
0.007951
0.000425
0.001966
0.000003
0.000007
0.000385
0.000837
0.000044
0.000105
0.005352
0.000204
0.000011
0.000026
0.000102
0.000748
0.000007
0.000062
0.000213
0.012151
0.002412
0.000085
0.010611
0.000073
0.001463
0.004743
0.003053
0.001535
0.000662
0.000292
0.000008
0.000154
0.001189
0.000053
0.002326
0.032558
0.000146
0.001407
0.000019
0.000015
0.001768
0.000142
0.000547
0.000603
0.001010
0.000023
0.000259
0.019505
0.000080
0.002021
0.000011
0.000242
0.000288
0.000133
0.000161
0.000187
0.000069
0.003779
0.000166
0.000343
0.105277
0.001157
0.000347
0.001370
0.000061
0.000015
0.003492
0.000134
0.000262
0.011429
0.000006
0.000112
0.000471
0.001369
0.003257
0.000585
0.007386
0.000197
0.000481
0.000029
0.000129
0.000217
0.005800
0.000241
0.000491
0.000226
0.001418
0.001220
0.003435
0.000179
0.000006
0.000022
0.000054
0.000668
0.001217
0.000010
0.001555
0.003157
0.000723
0.000405
0.002634
0.002735
0.000110
0.000211
0.000018
0.000905
0.000382
0.000029
0.000059
0.000025
0.000054
0.000141
0.000110
0.000058
0.000053
0.000677
0.000220
0.000094
0.000737
0.001105
0.000399
0.000060
0.000074
0.000023
0.000315
0.001472
0.010035
0.006642
0.000404
0.000899
0.000009
0.000052
0.002372
0.005829
0.000246
0.000015
0.000034
0.000140
0.000517
0.000013
0.000002
0.002742
0.000388
0.001835
0.000229
0.000047
0.000156
0.000025
0.000148
0.000014
0.000024
0.003005
0.001090
0.010020
0.000018
0.000217
0.000116
0.000077
0.000055
0.008635
0.000810
0.000290
0.000067
0.003582
0.006054
0.000058
0.003599
0.000129
0.000020
0.000139
0.009925
0.000090
0.000030
0.000037
0.009435
0.000204
0.000520
0.005926
0.000024
0.000425
0.000058
0.000788
0.002105
0.004593
0.000008
0.000095
0.000035
0.000050
0.000081
0.000098
0.000021
0.001524
0.000202
0.001256
0.000108
0.000093
0.000039
0.008288
0.000183
0.000302
0.000020
0.000241
0.000017
0.000034
0.000076
0.000244
0.002118
0.000219
0.000207
0.000011
0.000118
0.000571
0.000392
0.012498
0.009227
0.000097
0.009833
0.016151
0.000030
0.000238
0.000102
0.000027
0.000284
0.000040
0.000044
0.000075
0.000044
0.000017
0.000035
0.000077
0.000453
0.001029
0.000047
0.000331
0.000333
0.001011
0.000462
0.000137
0.000056
0.000009
0.000059
0.000005
0.000012
0.000065
0.000689
0.000005
0.000025
0.000515
0.000017
0.000053
0.000006
0.000001
0.000023
0.000023
0.000006
0.000007
0.000002
0.000019
0.000013
0.000002
0.000014
0.000002
0.000007
0.000076
0.000025
0.000016
0.000008
0.000003
0.000014
0.000020
0.000005
0.000004
0.000008
0.000004
0.000010
0.000495
0.000025
0.000021
0.000006
0.000004
0.000039
0.000320
0.003103
0.013845
0.000555
0.000014
0.000553
0.000001
0.000022
0.000005
0.000171
0.000004
0.000124
0.000023
0.000003
0.000004
0.000063
0.000024
0.000123
0.000008
0.000018
0.000002
0.000030
0.000014
0.000001
0.000014
0.000005
0.000006
0.000001
0.000006
0.000004
0.000003
0.000005
0.000013
0.003546
